(setq *rs-list* '((:time 0.0 :angle-vector #f(0.48801 -1.2433 -66.8043 146.318 -66.9973 1.02173 0.0 0.064207 0.626546 -66.7791 146.303 -66.9977 -0.885722 0.0 -1.00826 28.1965 -0.165936 6.54345 -13.0037 -8.30977 0.204316 -30.3366 -0.296881 -0.332436 -10.8338 15.0 -14.8917 8.04598 -0.54611 -30.9361 0.119144 0.263204 -10.8419 -15.0) :root-coords #s(coordinates plist nil rot #2f((0.976035 0.003904 -0.217579) (-0.004911 0.99998 -0.004086) (0.217559 0.005057 0.976034)) pos #f(-51.0343 0.253689 252.161)) :zmp #f(-0.039072 -0.008066 0.0) :wrench-list ((#f(0.018978 -0.000139 297.44) #f(0.018972 -0.000139 297.398) #f(0.0 0.0 0.0) #f(0.0 0.0 0.0)) (#f(-0.198879 11.6196 2.722256e-05) #f(-0.198879 11.6218 2.722255e-05) #f(0.0 0.0 0.0) #f(0.0 0.0 0.0))) :contact-state (:support :support :swing :swing)) (:time 0.004 :angle-vector #f(0.491499 -1.23669 -66.8085 146.287 -66.9976 0.994269 0.0 0.076192 0.600749 -66.7849 146.272 -66.9979 -0.880577 0.0 -1.02306 28.3035 -0.167953 6.5658 -13.112 -8.3373 0.196563 -30.3869 -0.301101 -0.34152 -10.8468 15.0 -14.997 8.07606 -0.541957 -30.9799 0.12129 0.27107 -10.8527 -15.0) :root-coords #s(coordinates plist nil rot #2f((0.976271 0.003924 -0.216518) (-0.005007 0.999978 -0.004456) (0.216495 0.005435 0.976269)) pos #f(-51.4312 0.35295 252.176)) :zmp #f(-0.040919 -0.008071 0.0) :wrench-list ((#f(1.31695 0.000677 309.889) #f(1.31677 0.000677 309.845) #f(0.0 0.0 0.0) #f(0.0 0.0 0.0)) (#f(-0.207317 12.6781 0.000838) #f(-0.207317 12.6805 0.000838) #f(0.0 0.0 0.0) #f(0.0 0.0 0.0))) :contact-state (:support :support :swing :swing)) (:time 0.008 :angle-vector #f(0.494729 -1.22992 -66.8127 146.255 -66.9978 0.966817 0.0 0.087923 0.575123 -66.7906 146.24 -66.9981 -0.875442 0.0 -1.03761 28.4094 -0.170428 6.58761 -13.2179 -8.36479 0.189463 -30.4364 -0.307096 -0.351174 -10.8604 15.0 -15.0997 8.10638 -0.537189 -31.0233 0.124629 0.2793 -10.8643 -15.0) :root-coords #s(coordinates plist nil rot #2f((0.976505 0.003939 -0.215457) (-0.005098 0.999975 -0.004824) (0.215433 0.005809 0.976501)) pos #f(-51.8259 0.451303 252.195)) :zmp #f(-0.042673 -0.008076 0.0) :wrench-list ((#f(2.62719 0.001786 322.339) #f(2.62685 0.001786 322.293) #f(0.0 0.0 0.0) #f(0.0 0.0 0.0)) (#f(-0.215763 13.7531 0.001654) #f(-0.215763 13.7556 0.001654) #f(0.0 0.0 0.0) #f(0.0 0.0 0.0))) :contact-state (:support :support :swing :swing)) (:time 0.012 :angle-vector #f(0.497454 -1.22286 -66.8168 146.222 -66.998 0.939384 0.0 0.099152 0.54983 -66.7962 146.207 -66.9983 -0.870328 0.0 -1.05167 28.5133 -0.173793 6.6084 -13.3189 -8.39223 0.183633 -30.4848 -0.316525 -0.361921 -10.8752 15.0 -15.1973 8.13718 -0.531232 -31.0656 0.130278 0.288226 -10.8775 -15.0) :root-coords #s(coordinates plist nil rot #2f((0.976738 0.003948 -0.214398) (-0.00518 0.999973 -0.005185) (0.214372 0.006175 0.976733)) pos #f(-52.2143 0.547478 252.225)) :zmp #f(-0.044333 -0.008082 0.0) :wrench-list ((#f(3.94608 0.003262 334.759) #f(3.94556 0.003262 334.711) #f(0.0 0.0 0.0) #f(0.0 0.0 0.0)) (#f(-0.224238 14.8386 0.002469) #f(-0.224238 14.8412 0.002469) #f(0.0 0.0 0.0) #f(0.0 0.0 0.0))) :contact-state (:support :support :swing :swing)) (:time 0.016 :angle-vector #f(0.499446 -1.21536 -66.8207 146.187 -66.998 0.911984 0.0 0.109652 0.525023 -66.8017 146.172 -66.9983 -0.865242 0.0 -1.06503 28.6144 -0.178441 6.62767 -13.4128 -8.41957 0.179648 -30.5312 -0.330919 -0.374242 -10.8917 15.0 -15.2875 8.16868 -0.523555 -31.1063 0.139266 0.298151 -10.8931 -15.0) :root-coords #s(coordinates plist nil rot #2f((0.97697 0.003946 -0.213341) (-0.005249 0.999971 -0.005539) (0.213313 0.006532 0.976962)) pos #f(-52.5925 0.640282 252.275)) :zmp #f(-0.045897 -0.00809 0.0) :wrench-list ((#f(5.2701 0.005169 347.116) #f(5.26941 0.005169 347.067) #f(0.0 0.0 0.0) #f(0.0 0.0 0.0)) (#f(-0.232758 15.929 0.003274) #f(-0.232758 15.9318 0.003274) #f(0.0 0.0 0.0) #f(0.0 0.0 0.0))) :contact-state (:support :support :swing :swing)) (:time 0.02 :angle-vector #f(0.500496 -1.20731 -66.8244 146.152 -66.998 0.88463 0.0 0.119212 0.500842 -66.8069 146.137 -66.9983 -0.86019 0.0 -1.07747 28.7118 -0.184736 6.64496 -13.4975 -8.44677 0.178041 -30.5752 -0.351683 -0.388572 -10.9105 15.0 -15.3679 8.20107 -0.51367 -31.1451 0.152539 0.309347 -10.9117 -15.0) :root-coords #s(coordinates plist nil rot #2f((0.9772 0.003931 -0.212285) (-0.005301 0.999969 -0.005883) (0.212255 0.006874 0.97719)) pos #f(-52.9569 0.728608 252.35)) :zmp #f(-0.047364 -0.008102 0.0) :wrench-list ((#f(6.59587 0.007569 359.382) #f(6.59502 0.007569 359.331) #f(0.0 0.0 0.0) #f(0.0 0.0 0.0)) (#f(-0.241339 17.019 0.004062) #f(-0.241339 17.022 0.004062) #f(0.0 0.0 0.0) #f(0.0 0.0 0.0))) :contact-state (:support :support :swing :swing)) (:time 0.024 :angle-vector #f(0.500412 -1.1986 -66.8278 146.115 -66.9977 0.857335 0.0 0.127639 0.477414 -66.8117 146.1 -66.998 -0.855175 0.0 -1.0888 28.8046 -0.193009 6.65981 -13.5708 -8.47379 0.179306 -30.6162 -0.380097 -0.405298 -10.9319 15.0 -15.4364 8.23453 -0.501132 -31.1814 0.170957 0.322054 -10.934 -15.0) :root-coords #s(coordinates plist nil rot #2f((0.977429 0.003901 -0.21123) (-0.005334 0.999966 -0.006214) (0.211199 0.0072 0.977417)) pos #f(-53.3039 0.811425 252.46)) :zmp #f(-0.048736 -0.008119 0.0) :wrench-list ((#f(7.92019 0.010511 371.526) #f(7.91917 0.010511 371.474) #f(0.0 0.0 0.0) #f(0.0 0.0 0.0)) (#f(-0.24999 18.1039 0.004827) #f(-0.24999 18.107 0.004827) #f(0.0 0.0 0.0) #f(0.0 0.0 0.0))) :contact-state (:support :support :swing :swing)) (:time 0.028 :angle-vector #f(0.499021 -1.18914 -66.8306 146.076 -66.9972 0.830116 0.0 0.134758 0.454858 -66.8161 146.061 -66.9975 -0.850201 0.0 -1.09882 28.8922 -0.203555 6.67181 -13.6307 -8.50059 0.183895 -30.6536 -0.417314 -0.424763 -10.9562 15.0 -15.4908 8.26924 -0.485541 -31.2148 0.195296 0.336482 -10.9604 -15.0) :root-coords #s(coordinates plist nil rot #2f((0.977656 0.003853 -0.210176) (-0.005345 0.999964 -0.00653) (0.210143 0.007508 0.977642)) pos #f(-53.6303 0.887787 252.61)) :zmp #f(-0.050016 -0.008139 0.0) :wrench-list ((#f(9.23994 0.01404 383.521) #f(9.23877 0.01404 383.466) #f(0.0 0.0 0.0) #f(0.0 0.0 0.0)) (#f(-0.258723 19.1791 0.005564) #f(-0.258723 19.1823 0.005564) #f(0.0 0.0 0.0) #f(0.0 0.0 0.0))) :contact-state (:support :support :swing :swing)) (:time 0.032 :angle-vector #f(0.496166 -1.17882 -66.8329 146.035 -66.9963 0.802988 0.0 0.140413 0.433278 -66.8198 146.02 -66.9966 -0.845267 0.0 -1.10737 28.9738 -0.216639 6.68055 -13.6755 -8.52711 0.192217 -30.6869 -0.464358 -0.447263 -10.984 15.0 -15.5293 8.30534 -0.46654 -31.2449 0.226247 0.35281 -10.9915 -15.0) :root-coords #s(coordinates plist nil rot #2f((0.977882 0.003785 -0.209122) (-0.005331 0.999962 -0.006831) (0.209089 0.007794 0.977866)) pos #f(-53.9331 0.956826 252.807)) :zmp #f(-0.051205 -0.008165 0.0) :wrench-list ((#f(10.5522 0.018194 395.338) #f(10.5509 0.018194 395.281) #f(0.0 0.0 0.0) #f(0.0 0.0 0.0)) (#f(-0.267543 20.2403 0.006267) #f(-0.267543 20.2436 0.006267) #f(0.0 0.0 0.0) #f(0.0 0.0 0.0))) :contact-state (:support :support :swing :swing)) (:time 0.036 :angle-vector #f(0.491711 -1.16757 -66.8344 145.992 -66.9949 0.775967 0.0 0.144464 0.412768 -66.8227 145.977 -66.9952 -0.84037 0.0 -1.11427 29.0487 -0.232491 6.68564 -13.7033 -8.5533 0.204642 -30.7157 -0.522131 -0.473051 -11.0154 15.0 -15.5499 8.34298 -0.443814 -31.2711 0.264415 0.371185 -11.0277 -15.0) :root-coords #s(coordinates plist nil rot #2f((0.978107 0.003696 -0.208068) (-0.005291 0.999961 -0.007113) (0.208033 0.008058 0.978089)) pos #f(-54.2091 1.01775 253.059)) :zmp #f(-0.052309 -0.008196 0.0) :wrench-list ((#f(11.8541 0.023002 406.951) #f(11.8526 0.023002 406.893) #f(0.0 0.0 0.0) #f(0.0 0.0 0.0)) (#f(-0.276455 21.2838 0.006932) #f(-0.276455 21.2872 0.006932) #f(0.0 0.0 0.0) #f(0.0 0.0 0.0))) :contact-state (:support :support :swing :swing)) (:time 0.04 :angle-vector #f(0.485536 -1.15532 -66.8349 145.946 -66.9928 0.749072 0.0 0.146792 0.393409 -66.8247 145.931 -66.9932 -0.835508 0.0 -1.11938 29.1162 -0.25131 6.68671 -13.7124 -8.57911 0.221498 -30.7394 -0.591405 -0.502332 -11.0506 15.0 -15.5509 8.38227 -0.417092 -31.2932 0.31032 0.391723 -11.0693 -15.0) :root-coords #s(coordinates plist nil rot #2f((0.978332 0.003583 -0.207012) (-0.005223 0.999959 -0.007375) (0.206977 0.008297 0.978311)) pos #f(-54.4559 1.06987 253.372)) :zmp #f(-0.053329 -0.008233 0.0) :wrench-list ((#f(13.143 0.028487 418.336) #f(13.1414 0.028487 418.276) #f(0.0 0.0 0.0) #f(0.0 0.0 0.0)) (#f(-0.285459 22.3061 0.007556) #f(-0.285459 22.3095 0.007556) #f(0.0 0.0 0.0) #f(0.0 0.0 0.0))) :contact-state (:support :support :swing :swing)) (:time 0.044 :angle-vector #f(0.477541 -1.14203 -66.8344 145.896 -66.99 0.72232 0.0 0.147292 0.375274 -66.8254 145.882 -66.9905 -0.830674 0.0 -1.12257 29.1759 -0.27326 6.68343 -13.7012 -8.60448 0.243072 -30.7576 -0.672826 -0.535265 -11.0899 15.0 -15.5306 8.42332 -0.386147 -31.3108 0.364398 0.414511 -11.1166 -15.0) :root-coords #s(coordinates plist nil rot #2f((0.978556 0.003446 -0.205953) (-0.005124 0.999958 -0.007617) (0.205918 0.008509 0.978532)) pos #f(-54.6707 1.11253 253.751)) :zmp #f(-0.05427 -0.008275 0.0) :wrench-list ((#f(14.4164 0.034664 429.468) #f(14.4147 0.034664 429.406) #f(0.0 0.0 0.0) #f(0.0 0.0 0.0)) (#f(-0.294554 23.304 0.008136) #f(-0.294554 23.3074 0.008136) #f(0.0 0.0 0.0) #f(0.0 0.0 0.0))) :contact-state (:support :support :swing :swing)) (:time 0.048 :angle-vector #f(0.467642 -1.12763 -66.8325 145.843 -66.9862 0.69573 0.0 0.14588 0.35842 -66.8248 145.829 -66.9869 -0.825861 0.0 -1.1237 29.2271 -0.298472 6.67547 -13.6683 -8.62935 0.26961 -30.7699 -0.766916 -0.571964 -11.1334 15.0 -15.4875 8.46622 -0.350796 -31.3234 0.427 0.439604 -11.1698 -15.0) :root-coords #s(coordinates plist nil rot #2f((0.97878 0.003283 -0.204889) (-0.004995 0.999957 -0.007837) (0.204855 0.008694 0.978754)) pos #f(-54.8513 1.14521 254.203)) :zmp #f(-0.055137 -0.008322 0.0) :wrench-list ((#f(15.6718 0.041542 440.323) #f(15.67 0.041542 440.259) #f(0.0 0.0 0.0) #f(0.0 0.0 0.0)) (#f(-0.303736 24.2747 0.008668) #f(-0.303736 24.2782 0.008668) #f(0.0 0.0 0.0) #f(0.0 0.0 0.0))) :contact-state (:support :support :swing :swing)) (:time 0.052 :angle-vector #f(0.455775 -1.11209 -66.829 145.786 -66.9814 0.669322 0.0 0.142489 0.342894 -66.8224 145.772 -66.9822 -0.82106 0.0 -1.12266 29.2693 -0.327046 6.66253 -13.6123 -8.65365 0.301315 -30.7758 -0.874067 -0.612498 -11.1812 15.0 -15.4201 8.51104 -0.310897 -31.3307 0.49839 0.467024 -11.2292 -15.0) :root-coords #s(coordinates plist nil rot #2f((0.979003 0.003094 -0.20382) (-0.004833 0.999956 -0.008034) (0.203786 0.00885 0.978975)) pos #f(-54.9955 1.16742 254.735)) :zmp #f(-0.055934 -0.008375 0.0) :wrench-list ((#f(16.9071 0.049122 450.879) #f(16.9052 0.049122 450.813) #f(0.0 0.0 0.0) #f(0.0 0.0 0.0)) (#f(-0.313 25.2159 0.009153) #f(-0.313 25.2193 0.009153) #f(0.0 0.0 0.0) #f(0.0 0.0 0.0))) :contact-state (:support :support :swing :swing)) (:time 0.056 :angle-vector #f(0.441893 -1.09539 -66.8237 145.724 -66.9753 0.643118 0.0 0.13707 0.328734 -66.8182 145.71 -66.9763 -0.816258 0.0 -1.11936 29.302 -0.359047 6.64432 -13.5319 -8.67731 0.338352 -30.775 -0.994547 -0.656889 -11.2334 15.0 -15.3271 8.55784 -0.266354 -31.3324 0.578749 0.496765 -11.2948 -15.0) :root-coords #s(coordinates plist nil rot #2f((0.979228 0.002879 -0.202743) (-0.004639 0.999956 -0.008207) (0.202711 0.008977 0.979197)) pos #f(-55.1014 1.17878 255.351)) :zmp #f(-0.056665 -0.008433 0.0) :wrench-list ((#f(18.12 0.057397 461.115) #f(18.118 0.057397 461.047) #f(0.0 0.0 0.0) #f(0.0 0.0 0.0)) (#f(-0.322335 26.1253 0.009588) #f(-0.322335 26.1287 0.009588) #f(0.0 0.0 0.0) #f(0.0 0.0 0.0))) :contact-state (:support :support :swing :swing)) (:time 0.06 :angle-vector #f(0.425968 -1.07751 -66.8163 145.657 -66.9676 0.617138 0.0 0.129592 0.315962 -66.8117 145.643 -66.9689 -0.811443 0.0 -1.1137 29.3248 -0.394507 6.62057 -13.426 -8.70027 0.380843 -30.767 -1.1285 -0.705114 -11.2899 15.0 -15.2073 8.60668 -0.217112 -31.3282 0.668174 0.528788 -11.3666 -15.0) :root-coords #s(coordinates plist nil rot #2f((0.979453 0.002637 -0.201657) (-0.004412 0.999955 -0.008355) (0.201626 0.009073 0.979421)) pos #f(-55.167 1.17899 256.057)) :zmp #f(-0.057334 -0.008496 0.0) :wrench-list ((#f(19.3086 0.066353 471.011) #f(19.3065 0.066353 470.941) #f(0.0 0.0 0.0) #f(0.0 0.0 0.0)) (#f(-0.33173 27.0013 0.009973) #f(-0.33173 27.0047 0.009973) #f(0.0 0.0 0.0) #f(0.0 0.0 0.0))) :contact-state (:support :support :swing :swing)) (:time 0.064 :angle-vector #f(0.407988 -1.05844 -66.8065 145.584 -66.9583 0.591406 0.0 0.120041 0.304591 -66.8027 145.57 -66.96 -0.8066 0.0 -1.10561 29.3372 -0.433427 6.59106 -13.2933 -8.72246 0.428868 -30.7516 -1.27593 -0.757105 -11.3507 15.0 -15.0596 8.65756 -0.163161 -31.3176 0.766674 0.563025 -11.4447 -15.0) :root-coords #s(coordinates plist nil rot #2f((0.979679 0.002368 -0.200559) (-0.004153 0.999955 -0.008478) (0.20053 0.009139 0.979645)) pos #f(-55.1909 1.16781 256.858)) :zmp #f(-0.057947 -0.008563 0.0) :wrench-list ((#f(20.4711 0.075971 480.546) #f(20.4689 0.075971 480.475) #f(0.0 0.0 0.0) #f(0.0 0.0 0.0)) (#f(-0.341171 27.8424 0.010309) #f(-0.341171 27.8457 0.010309) #f(0.0 0.0 0.0) #f(0.0 0.0 0.0))) :contact-state (:support :support :swing :swing)) (:time 0.068 :angle-vector #f(0.387962 -1.0382 -66.7941 145.504 -66.947 0.565943 0.0 0.108422 0.294622 -66.7909 145.49 -66.9491 -0.80171 0.0 -1.09502 29.339 -0.475774 6.55555 -13.133 -8.74378 0.482466 -30.7285 -1.43674 -0.812746 -11.4156 15.0 -14.8828 8.71052 -0.104534 -31.3005 0.874174 0.599374 -11.529 -15.0) :root-coords #s(coordinates plist nil rot #2f((0.979907 0.002073 -0.199446) (-0.003861 0.999956 -0.008576) (0.19942 0.009174 0.979871)) pos #f(-55.1717 1.14509 257.759)) :zmp #f(-0.058508 -0.008635 0.0) :wrench-list ((#f(21.6057 0.086222 489.704) #f(21.6034 0.086222 489.63) #f(0.0 0.0 0.0) #f(0.0 0.0 0.0)) (#f(-0.35064 28.6477 0.010598) #f(-0.35064 28.6509 0.010598) #f(0.0 0.0 0.0) #f(0.0 0.0 0.0))) :contact-state (:support :support :swing :swing)) (:time 0.072 :angle-vector #f(0.365915 -1.01679 -66.7786 145.417 -66.9336 0.540775 0.0 0.094759 0.286045 -66.7759 145.403 -66.9362 -0.796756 0.0 -1.08188 29.3297 -0.52148 6.51384 -12.9442 -8.76417 0.541638 -30.6972 -1.61067 -0.871877 -11.4846 15.0 -14.6761 8.76554 -0.041308 -31.2766 0.990516 0.637705 -11.6193 -15.0) :root-coords #s(coordinates plist nil rot #2f((0.980136 0.001752 -0.198317) (-0.003537 0.999956 -0.008649) (0.198294 0.009178 0.9801)) pos #f(-55.108 1.11075 258.766)) :zmp #f(-0.059021 -0.008712 0.0) :wrench-list ((#f(22.7108 0.097077 498.466) #f(22.7085 0.097077 498.391) #f(0.0 0.0 0.0) #f(0.0 0.0 0.0)) (#f(-0.360121 29.4161 0.010839) #f(-0.360121 29.4191 0.010839) #f(0.0 0.0 0.0) #f(0.0 0.0 0.0))) :contact-state (:support :support :swing :swing)) (:time 0.076 :angle-vector #f(0.341891 -0.994247 -66.7598 145.322 -66.9176 0.515925 0.0 0.079091 0.278837 -66.7573 145.308 -66.9208 -0.791715 0.0 -1.06615 29.3091 -0.570446 6.46576 -12.726 -8.78354 0.606339 -30.6575 -1.79738 -0.934293 -11.5574 15.0 -14.4387 8.8226 0.026398 -31.2455 1.11545 0.677855 -11.7154 -15.0) :root-coords #s(coordinates plist nil rot #2f((0.980369 0.001406 -0.197169) (-0.003183 0.999957 -0.008696) (0.197148 0.009152 0.980331)) pos #f(-54.9989 1.06482 259.882)) :zmp #f(-0.05949 -0.008792 0.0) :wrench-list ((#f(23.7848 0.108502 506.817) #f(23.7825 0.108502 506.739) #f(0.0 0.0 0.0) #f(0.0 0.0 0.0)) (#f(-0.369594 30.1467 0.011034) #f(-0.369594 30.1496 0.011034) #f(0.0 0.0 0.0) #f(0.0 0.0 0.0))) :contact-state (:support :support :swing :swing)) (:time 0.08 :angle-vector #f(0.315953 -0.970605 -66.7373 145.218 -66.899 0.49142 0.0 0.061477 0.272964 -66.7348 145.204 -66.9029 -0.786565 0.0 -1.04781 29.277 -0.622541 6.41113 -12.4778 -8.80181 0.676487 -30.6092 -1.99637 -0.999742 -11.6339 15.0 -14.1699 8.88168 0.098421 -31.207 1.24866 0.719631 -11.817 -15.0) :root-coords #s(coordinates plist nil rot #2f((0.980604 0.001037 -0.195998) (-0.002799 0.999958 -0.008717) (0.19598 0.009097 0.980566)) pos #f(-54.8435 1.00736 261.112)) :zmp #f(-0.059919 -0.008877 0.0) :wrench-list ((#f(24.8263 0.120464 514.739) #f(24.824 0.120464 514.659) #f(0.0 0.0 0.0) #f(0.0 0.0 0.0)) (#f(-0.379043 30.8389 0.011185) #f(-0.379043 30.8415 0.011185) #f(0.0 0.0 0.0) #f(0.0 0.0 0.0))) :contact-state (:support :support :swing :swing)) (:time 0.084 :angle-vector #f(0.288179 -0.945912 -66.7107 145.104 -66.8773 0.467286 0.0 0.041995 0.268382 -66.7079 145.09 -66.882 -0.781282 0.0 -1.02684 29.2331 -0.677598 6.34983 -12.199 -8.81888 0.751956 -30.5521 -2.20701 -1.06793 -11.7136 15.0 -13.869 8.94272 0.174555 -31.161 1.38972 0.762809 -11.9239 -15.0) :root-coords #s(coordinates plist nil rot #2f((0.980843 0.000645 -0.194801) (-0.002388 0.999959 -0.008713) (0.194788 0.009012 0.980804)) pos #f(-54.6411 0.938555 262.461)) :zmp #f(-0.060311 -0.008965 0.0) :wrench-list ((#f(25.8339 0.132927 522.22) #f(25.8315 0.132927 522.138) #f(0.0 0.0 0.0) #f(0.0 0.0 0.0)) (#f(-0.388447 31.4918 0.011294) #f(-0.388447 31.4941 0.011294) #f(0.0 0.0 0.0) #f(0.0 0.0 0.0))) :contact-state (:support :support :swing :swing)) (:time 0.088 :angle-vector #f(0.25867 -0.920225 -66.6796 144.98 -66.8522 0.443551 0.0 0.020738 0.265033 -66.6763 144.965 -66.8579 -0.775837 0.0 -1.00324 29.1773 -0.735418 6.28173 -11.8891 -8.83467 0.832579 -30.4858 -2.42857 -1.1385 -11.7962 15.0 -13.5356 9.00565 0.254548 -31.1071 1.53813 0.807134 -12.0356 -15.0) :root-coords #s(coordinates plist nil rot #2f((0.981085 0.000232 -0.193576) (-0.00195 0.99996 -0.008685) (0.193566 0.008898 0.981047)) pos #f(-54.3913 0.858638 263.932)) :zmp #f(-0.060668 -0.009057 0.0) :wrench-list ((#f(26.8062 0.145854 529.244) #f(26.8038 0.145854 529.16) #f(0.0 0.0 0.0) #f(0.0 0.0 0.0)) (#f(-0.397787 32.1048 0.011361) #f(-0.397787 32.1069 0.011361) #f(0.0 0.0 0.0) #f(0.0 0.0 0.0))) :contact-state (:support :support :swing :swing)) (:time 0.092 :angle-vector #f(0.22754 -0.893614 -66.6436 144.844 -66.8235 0.420241 0.0 -0.002181 0.262848 -66.6394 144.829 -66.8303 -0.770204 0.0 -0.977016 29.1095 -0.795772 6.20672 -11.5477 -8.84908 0.91815 -30.4103 -2.66017 -1.21108 -11.8815 15.0 -13.1693 9.0704 0.338109 -31.0452 1.69331 0.852319 -12.1517 -15.0) :root-coords #s(coordinates plist nil rot #2f((0.981333 -0.000199 -0.192318) (-0.001489 0.999962 -0.008633) (0.192312 0.008758 0.981295)) pos #f(-54.0937 0.767935 265.529)) :zmp #f(-0.060994 -0.009152 0.0) :wrench-list ((#f(27.742 0.159204 535.799) #f(27.7396 0.159204 535.713) #f(0.0 0.0 0.0) #f(0.0 0.0 0.0)) (#f(-0.407045 32.6773 0.011389) #f(-0.407045 32.6791 0.011389) #f(0.0 0.0 0.0) #f(0.0 0.0 0.0))) :contact-state (:support :support :swing :swing)) (:time 0.096 :angle-vector #f(0.194925 -0.866158 -66.6023 144.695 -66.7908 0.397387 0.0 -0.026631 0.261747 -66.5969 144.68 -66.7989 -0.76435 0.0 -0.948192 29.0295 -0.858393 6.12474 -11.1746 -8.862 1.00842 -30.3253 -2.90081 -1.28523 -11.9688 15.0 -12.7697 9.13687 0.4249 -30.975 1.85459 0.898048 -12.2716 -15.0) :root-coords #s(coordinates plist nil rot #2f((0.981585 -0.000648 -0.191023) (-0.001006 0.999963 -0.008558) (0.191022 0.008593 0.981548)) pos #f(-53.7483 0.666847 267.256)) :zmp #f(-0.061291 -0.009251 0.0) :wrench-list ((#f(28.6401 0.172937 541.873) #f(28.6377 0.172937 541.785) #f(0.0 0.0 0.0) #f(0.0 0.0 0.0)) (#f(-0.416199 33.2088 0.01138) #f(-0.416199 33.2102 0.01138) #f(0.0 0.0 0.0) #f(0.0 0.0 0.0))) :contact-state (:support :support :swing :swing)) (:time 0.1 :angle-vector #f(0.160976 -0.837947 -66.5552 144.534 -66.7538 0.375017 0.0 -0.052464 0.261639 -66.5482 144.517 -66.7632 -0.758244 0.0 -0.916803 28.9374 -0.922985 6.03572 -10.7694 -8.87335 1.1031 -30.2306 -3.14938 -1.36046 -12.0578 15.0 -12.3368 9.20495 0.514542 -30.8964 2.02122 0.943973 -12.3948 -15.0) :root-coords #s(coordinates plist nil rot #2f((0.981844 -0.00111 -0.189689) (-0.000504 0.999964 -0.008461) (0.189692 0.008403 0.981808)) pos #f(-53.3551 0.555853 269.116)) :zmp #f(-0.061562 -0.009353 0.0) :wrench-list ((#f(29.4993 0.18701 547.454) #f(29.4969 0.18701 547.365) #f(0.0 0.0 0.0) #f(0.0 0.0 0.0)) (#f(-0.42523 33.6988 0.011336) #f(-0.42523 33.6999 0.011336) #f(0.0 0.0 0.0) #f(0.0 0.0 0.0))) :contact-state (:support :support :swing :swing)) (:time 0.104 :angle-vector #f(0.125865 -0.80908 -66.5018 144.357 -66.712 0.353163 0.0 -0.079514 0.262419 -66.4928 144.34 -66.723 -0.751851 0.0 -0.882895 28.833 -0.989217 5.93962 -10.3322 -8.88301 1.20185 -30.1262 -3.40462 -1.43626 -12.1479 15.0 -11.8704 9.27451 0.606611 -30.8093 2.19235 0.989713 -12.5206 -15.0) :root-coords #s(coordinates plist nil rot #2f((0.982108 -0.001584 -0.18831) (1.276944e-05 0.999965 -0.008343) (0.188317 0.008191 0.982074)) pos #f(-52.9143 0.435513 271.112)) :zmp #f(-0.061807 -0.009458 0.0) :wrench-list ((#f(30.3186 0.201377 552.533) #f(30.3163 0.201377 552.442) #f(0.0 0.0 0.0) #f(0.0 0.0 0.0)) (#f(-0.434116 34.1471 0.011258) #f(-0.434116 34.1478 0.011258) #f(0.0 0.0 0.0) #f(0.0 0.0 0.0))) :contact-state (:support :support :swing :swing)) (:time 0.108 :angle-vector #f(0.089781 -0.779668 -66.4417 144.165 -66.665 0.331856 0.0 -0.107597 0.263974 -66.4302 144.147 -66.6779 -0.745135 0.0 -0.846527 28.7165 -1.05673 5.83643 -9.86294 -8.89087 1.30432 -30.0119 -3.66516 -1.51205 -12.2386 15.0 -11.3705 9.3454 0.70064 -30.7135 2.36706 1.03486 -12.6484 -15.0) :root-coords #s(coordinates plist nil rot #2f((0.98238 -0.002066 -0.186883) (0.000542 0.999966 -0.008205) (0.186894 0.00796 0.982348)) pos #f(-52.4265 0.306463 273.247)) :zmp #f(-0.062029 -0.009567 0.0) :wrench-list ((#f(31.0971 0.215991 557.1) #f(31.0948 0.215991 557.007) #f(0.0 0.0 0.0) #f(0.0 0.0 0.0)) (#f(-0.442836 34.5533 0.011149) #f(-0.442836 34.5536 0.011149) #f(0.0 0.0 0.0) #f(0.0 0.0 0.0))) :contact-state (:support :support :swing :swing)) (:time 0.112 :angle-vector #f(0.05293 -0.749834 -66.3743 143.956 -66.6126 0.311127 0.0 -0.13651 0.266176 -66.3598 143.936 -66.6275 -0.738057 0.0 -0.807771 28.588 -1.12511 5.72614 -9.3617 -8.89684 1.41007 -29.8877 -3.92948 -1.58721 -12.3291 15.0 -10.8373 9.41748 0.796119 -30.6088 2.54434 1.07897 -12.7773 -15.0) :root-coords #s(coordinates plist nil rot #2f((0.982659 -0.002553 -0.185403) (0.001079 0.999967 -0.00805) (0.185417 0.00771 0.98263)) pos #f(-51.8922 0.16942 275.524)) :zmp #f(-0.06223 -0.009678 0.0) :wrench-list ((#f(31.8339 0.230806 561.146) #f(31.8316 0.230806 561.052) #f(0.0 0.0 0.0) #f(0.0 0.0 0.0)) (#f(-0.451369 34.9171 0.011011) #f(-0.451369 34.917 0.011011) #f(0.0 0.0 0.0) #f(0.0 0.0 0.0))) :contact-state (:support :support :swing :swing)) (:time 0.116 :angle-vector #f(0.015537 -0.719709 -66.2992 143.729 -66.5542 0.29101 0.0 -0.166032 0.268888 -66.2812 143.708 -66.5714 -0.730578 0.0 -0.76671 28.4474 -1.19395 5.60879 -8.82871 -8.90078 1.51866 -29.7535 -4.19597 -1.66108 -12.4188 15.0 -10.2711 9.49055 0.892494 -30.4952 2.7231 1.12157 -12.9066 -15.0) :root-coords #s(coordinates plist nil rot #2f((0.982947 -0.003042 -0.183865) (0.001621 0.999968 -0.007878) (0.183883 0.007446 0.98292)) pos #f(-51.3122 0.025175 277.945)) :zmp #f(-0.062411 -0.009793 0.0) :wrench-list ((#f(32.5281 0.245769 564.665) #f(32.5258 0.245769 564.568) #f(0.0 0.0 0.0) #f(0.0 0.0 0.0)) (#f(-0.459693 35.2385 0.010848) #f(-0.459693 35.2379 0.010848) #f(0.0 0.0 0.0) #f(0.0 0.0 0.0))) :contact-state (:support :support :swing :swing)) (:time 0.12 :angle-vector #f(-0.022154 -0.689434 -66.2157 143.483 -66.4895 0.271538 0.0 -0.195926 0.271959 -66.1936 143.46 -66.5092 -0.722654 0.0 -0.723441 28.2951 -1.26278 5.4844 -8.26426 -8.90259 1.6296 -29.6091 -4.46287 -1.73295 -12.507 15.0 -9.6721 9.56445 0.989169 -30.3725 2.90216 1.16217 -13.0353 -15.0) :root-coords #s(coordinates plist nil rot #2f((0.983243 -0.003529 -0.182264) (0.002164 0.999968 -0.007692) (0.182285 0.007168 0.98322)) pos #f(-50.6875 -0.125399 280.512)) :zmp #f(-0.062574 -0.00991 0.0) :wrench-list ((#f(33.1789 0.26083 567.649) #f(33.1767 0.26083 567.55) #f(0.0 0.0 0.0) #f(0.0 0.0 0.0)) (#f(-0.467785 35.5173 0.01066) #f(-0.467785 35.5163 0.01066) #f(0.0 0.0 0.0) #f(0.0 0.0 0.0))) :contact-state (:support :support :swing :swing)) (:time 0.124 :angle-vector #f(-0.059882 -0.659164 -66.1233 143.217 -66.418 0.252747 0.0 -0.225936 0.275228 -66.0966 143.191 -66.4404 -0.714243 0.0 -0.678071 28.1311 -1.3311 5.35305 -7.66876 -8.90215 1.74234 -29.4547 -4.72829 -1.80206 -12.5929 15.0 -9.04084 9.63895 1.0855 -30.2406 3.08025 1.20022 -13.1626 -15.0) :root-coords #s(coordinates plist nil rot #2f((0.983549 -0.00401 -0.180595) (0.002702 0.999968 -0.007493) (0.18062 0.006882 0.983529)) pos #f(-50.0194 -0.281354 283.228)) :zmp #f(-0.06272 -0.010031 0.0) :wrench-list ((#f(33.7858 0.275934 570.092) #f(33.7836 0.275934 569.992) #f(0.0 0.0 0.0) #f(0.0 0.0 0.0)) (#f(-0.475622 35.7535 0.010451) #f(-0.475622 35.7521 0.010451) #f(0.0 0.0 0.0) #f(0.0 0.0 0.0))) :contact-state (:support :support :swing :swing)) (:time 0.128 :angle-vector #f(-0.097367 -0.629061 -66.0214 142.928 -66.3392 0.23467 0.0 -0.255788 0.278522 -65.9894 142.9 -66.3646 -0.705298 0.0 -0.630721 27.9557 -1.39838 5.21482 -7.04271 -8.89932 1.8563 -29.2902 -4.99022 -1.86762 -12.6756 15.0 -8.37786 9.71385 1.18081 -30.0996 3.25602 1.23516 -13.2873 -15.0) :root-coords #s(coordinates plist nil rot #2f((0.983866 -0.004481 -0.178854) (0.00323 0.999968 -0.007284) (0.17888 0.006588 0.983849)) pos #f(-49.3091 -0.441663 286.094)) :zmp #f(-0.06285 -0.010154 0.0) :wrench-list ((#f(34.348 0.291025 571.99) #f(34.3459 0.291025 571.888) #f(0.0 0.0 0.0) #f(0.0 0.0 0.0)) (#f(-0.483182 35.9471 0.010224) #f(-0.483182 35.9454 0.010224) #f(0.0 0.0 0.0) #f(0.0 0.0 0.0))) :contact-state (:support :support :swing :swing)) (:time 0.132 :angle-vector #f(-0.134313 -0.5993 -65.9094 142.617 -66.2526 0.217346 0.0 -0.285189 0.281657 -65.8714 142.586 -66.2814 -0.695771 0.0 -0.581523 27.7692 -1.46406 5.06981 -6.3867 -8.89399 1.97088 -29.1156 -5.24653 -1.92878 -12.7544 15.0 -7.68381 9.78889 1.27437 -29.9493 3.42804 1.26639 -13.4084 -15.0) :root-coords #s(coordinates plist nil rot #2f((0.984193 -0.004936 -0.177033) (0.003744 0.999968 -0.007066) (0.177062 0.006292 0.98418)) pos #f(-48.5581 -0.605223 289.112)) :zmp #f(-0.062966 -0.01028 0.0) :wrench-list ((#f(34.8652 0.306048 573.338) #f(34.8631 0.306048 573.235) #f(0.0 0.0 0.0) #f(0.0 0.0 0.0)) (#f(-0.490441 36.0984 0.009981) #f(-0.490441 36.0963 0.009981) #f(0.0 0.0 0.0) #f(0.0 0.0 0.0))) :contact-state (:support :support :swing :swing)) (:time 0.136 :angle-vector #f(-0.170404 -0.570064 -65.7867 142.281 -66.1578 0.20081 0.0 -0.31383 0.284437 -65.742 142.247 -66.1902 -0.685613 0.0 -0.530624 27.5719 -1.52755 4.91815 -5.70145 -8.88603 2.0854 -28.9309 -5.49496 -1.98465 -12.8282 15.0 -6.95946 9.86384 1.36541 -29.7896 3.59479 1.29329 -13.5248 -15.0) :root-coords #s(coordinates plist nil rot #2f((0.984531 -0.005371 -0.175128) (0.004238 0.999968 -0.006844) (0.175159 0.005996 0.984522)) pos #f(-47.7682 -0.770854 292.283)) :zmp #f(-0.063068 -0.010409 0.0) :wrench-list ((#f(35.3367 0.320947 574.134) #f(35.3347 0.320947 574.029) #f(0.0 0.0 0.0) #f(0.0 0.0 0.0)) (#f(-0.497376 36.2075 0.009725) #f(-0.497376 36.205 0.009725) #f(0.0 0.0 0.0) #f(0.0 0.0 0.0))) :contact-state (:support :support :swing :swing)) (:time 0.14 :angle-vector #f(-0.205305 -0.541549 -65.6527 141.919 -66.0543 0.1851 0.0 -0.341382 0.286653 -65.6004 141.881 -66.0907 -0.674772 0.0 -0.47818 27.3642 -1.58822 4.75997 -4.98774 -8.87531 2.19917 -28.7363 -5.73311 -2.03429 -12.8962 15.0 -6.20567 9.93843 1.45311 -29.6207 3.75467 1.31521 -13.6352 -15.0) :root-coords #s(coordinates plist nil rot #2f((0.984882 -0.005782 -0.173133) (0.004707 0.999967 -0.006619) (0.173165 0.005704 0.984876)) pos #f(-46.9413 -0.937301 295.609)) :zmp #f(-0.063158 -0.01054 0.0) :wrench-list ((#f(35.7623 0.335669 574.376) #f(35.7603 0.335669 574.27) #f(0.0 0.0 0.0) #f(0.0 0.0 0.0)) (#f(-0.503965 36.2747 0.009459) #f(-0.503965 36.2719 0.009459) #f(0.0 0.0 0.0) #f(0.0 0.0 0.0))) :contact-state (:support :support :swing :swing)) (:time 0.144 :angle-vector #f(-0.238665 -0.513961 -65.5067 141.53 -65.9415 0.170256 0.0 -0.3675 0.288087 -65.446 141.487 -65.9822 -0.663194 0.0 -0.424362 27.1463 -1.6454 4.59546 -4.24647 -8.86168 2.31143 -28.5317 -5.95848 -2.07671 -12.9572 15.0 -5.42344 10.0124 1.53661 -29.4424 3.90598 1.33144 -13.7385 -15.0) :root-coords #s(coordinates plist nil rot #2f((0.985245 -0.006162 -0.171041) (0.005144 0.999966 -0.006393) (0.171074 0.005419 0.985243)) pos #f(-46.0795 -1.10323 299.089)) :zmp #f(-0.063237 -0.010675 0.0) :wrench-list ((#f(36.1416 0.35016 574.063) #f(36.1397 0.35016 573.956) #f(0.0 0.0 0.0) #f(0.0 0.0 0.0)) (#f(-0.510188 36.3002 0.009185) #f(-0.510188 36.2971 0.009185) #f(0.0 0.0 0.0) #f(0.0 0.0 0.0))) :contact-state (:support :support :swing :swing)) (:time 0.148 :angle-vector #f(-0.270114 -0.487516 -65.3479 141.111 -65.8189 0.156316 0.0 -0.391819 0.288508 -65.2781 141.065 -65.8643 -0.650823 0.0 -0.36935 26.9188 -1.69842 4.42479 -3.47865 -8.84501 2.42142 -28.3173 -6.16842 -2.11089 -13.0103 15.0 -4.61382 10.0854 1.61503 -29.2547 4.04695 1.34127 -13.8333 -15.0) :root-coords #s(coordinates plist nil rot #2f((0.985621 -0.006505 -0.168846) (0.005543 0.999966 -0.006171) (0.16888 0.005147 0.985623)) pos #f(-45.1849 -1.26724 302.724)) :zmp #f(-0.063305 -0.010812 0.0) :wrench-list ((#f(36.4744 0.36437 573.195) #f(36.4726 0.36437 573.087) #f(0.0 0.0 0.0) #f(0.0 0.0 0.0)) (#f(-0.516023 36.2844 0.008905) #f(-0.516023 36.2811 0.008905) #f(0.0 0.0 0.0) #f(0.0 0.0 0.0))) :contact-state (:support :support :swing :swing)) (:time 0.152 :angle-vector #f(-0.299263 -0.462439 -65.1759 140.663 -65.686 0.143321 0.0 -0.413959 0.287672 -65.0958 140.611 -65.7365 -0.637603 0.0 -0.31334 26.6822 -1.74653 4.24816 -2.68536 -8.82517 2.5283 -28.0933 -6.36016 -2.13576 -13.0542 15.0 -3.77802 10.1571 1.6874 -29.0578 4.17573 1.34395 -13.9181 -15.0) :root-coords #s(coordinates plist nil rot #2f((0.986011 -0.006807 -0.166542) (0.005897 0.999965 -0.005956) (0.166577 0.00489 0.986016)) pos #f(-44.26 -1.42784 306.515)) :zmp #f(-0.063363 -0.010951 0.0) :wrench-list ((#f(36.7606 0.378249 571.775) #f(36.7588 0.378249 571.666) #f(0.0 0.0 0.0) #f(0.0 0.0 0.0)) (#f(-0.521452 36.2278 0.008622) #f(-0.521452 36.2243 0.008622) #f(0.0 0.0 0.0) #f(0.0 0.0 0.0))) :contact-state (:support :support :swing :swing)) (:time 0.156 :angle-vector #f(-0.325708 -0.438968 -64.9897 140.182 -65.5421 0.131312 0.0 -0.433519 0.285326 -64.8985 140.124 -65.5982 -0.623474 0.0 -0.256538 26.4368 -1.78897 4.06581 -1.8678 -8.80199 2.63121 -27.8597 -6.53081 -2.15018 -13.0879 15.0 -2.91732 10.2272 1.75275 -28.8516 4.29036 1.3387 -13.9916 -15.0) :root-coords #s(coordinates plist nil rot #2f((0.986415 -0.00706 -0.164122) (0.0062 0.999964 -0.00575) (0.164156 0.004654 0.986423)) pos #f(-43.3073 -1.58349 310.462)) :zmp #f(-0.063412 -0.011094 0.0) :wrench-list ((#f(37.0001 0.39175 569.805) #f(36.9983 0.39175 569.695) #f(0.0 0.0 0.0) #f(0.0 0.0 0.0)) (#f(-0.526454 36.1309 0.008338) #f(-0.526454 36.1272 0.008338) #f(0.0 0.0 0.0) #f(0.0 0.0 0.0))) :contact-state (:support :support :swing :swing)) (:time 0.16 :angle-vector #f(-0.349022 -0.417352 -64.7887 139.667 -65.3867 0.120331 0.0 -0.450082 0.281205 -64.6853 139.603 -65.4487 -0.608375 0.0 -0.199164 26.1834 -1.82497 3.87798 -1.02726 -8.77534 2.72923 -27.6167 -6.67735 -2.15301 -13.1102 15.0 -2.03312 10.2954 1.81004 -28.6361 4.38882 1.32471 -14.0522 -15.0) :root-coords #s(coordinates plist nil rot #2f((0.986833 -0.007258 -0.161578) (0.006445 0.999964 -0.005557) (0.161613 0.004443 0.986844)) pos #f(-42.3298 -1.73255 314.565)) :zmp #f(-0.063453 -0.011239 0.0) :wrench-list ((#f(37.1928 0.404824 567.288) #f(37.1911 0.404824 567.177) #f(0.0 0.0 0.0) #f(0.0 0.0 0.0)) (#f(-0.531011 35.9942 0.008054) #f(-0.531011 35.9904 0.008054) #f(0.0 0.0 0.0) #f(0.0 0.0 0.0))) :contact-state (:support :support :swing :swing)) (:time 0.164 :angle-vector #f(-0.368764 -0.397847 -64.5721 139.117 -65.2192 0.11042 0.0 -0.463212 0.27503 -64.4555 139.046 -65.2877 -0.592242 0.0 -0.141447 25.9224 -1.85368 3.68494 -0.165144 -8.74507 2.82143 -27.3646 -6.79664 -2.14301 -13.1197 15.0 -1.12691 10.3613 1.85821 -28.4115 4.46899 1.30112 -14.0983 -15.0) :root-coords #s(coordinates plist nil rot #2f((0.987266 -0.007394 -0.158905) (0.006623 0.999964 -0.005382) (0.158939 0.004261 0.987279)) pos #f(-41.3302 -1.87333 318.822)) :zmp #f(-0.063485 -0.011386 0.0) :wrench-list ((#f(37.3389 0.417428 564.229) #f(37.3373 0.417428 564.117) #f(0.0 0.0 0.0) #f(0.0 0.0 0.0)) (#f(-0.535106 35.8184 0.007772) #f(-0.535106 35.8146 0.007772) #f(0.0 0.0 0.0) #f(0.0 0.0 0.0))) :contact-state (:support :support :swing :swing)) (:time 0.168 :angle-vector #f(-0.384474 -0.380723 -64.3392 138.529 -65.039 0.101623 0.0 -0.472455 0.266514 -64.2081 138.451 -65.1144 -0.575011 0.0 -0.083633 25.6545 -1.87425 3.48697 0.717065 -8.71102 2.9068 -27.1035 -6.88539 -2.11895 -13.1152 15.0 -0.200319 10.4246 1.89612 -28.1778 4.52867 1.26707 -14.1284 -15.0) :root-coords #s(coordinates plist nil rot #2f((0.987714 -0.007462 -0.156094) (0.006728 0.999964 -0.005227) (0.156127 0.004113 0.987728)) pos #f(-40.3117 -2.00405 323.233)) :zmp #f(-0.06351 -0.011537 0.0) :wrench-list ((#f(37.4386 0.429516 560.634) #f(37.437 0.429516 560.522) #f(0.0 0.0 0.0) #f(0.0 0.0 0.0)) (#f(-0.538722 35.604 0.007495) #f(-0.538722 35.6002 0.007495) #f(0.0 0.0 0.0) #f(0.0 0.0 0.0))) :contact-state (:support :support :swing :swing)) (:time 0.172 :angle-vector #f(-0.395678 -0.366254 -64.0892 137.903 -64.8455 0.093984 0.0 -0.477346 0.25536 -63.9425 137.817 -64.9284 -0.556615 0.0 -0.025974 25.3804 -1.88581 3.28439 1.61779 -8.67304 2.98434 -26.8337 -6.94025 -2.07953 -13.0953 15.0 0.744977 10.4848 1.92265 -27.9351 4.56562 1.22167 -14.1408 -15.0) :root-coords #s(coordinates plist nil rot #2f((0.988177 -0.007454 -0.153138) (0.006752 0.999964 -0.005097) (0.15317 0.004003 0.988192)) pos #f(-39.2776 -2.12291 327.798)) :zmp #f(-0.063528 -0.01169 0.0) :wrench-list ((#f(37.492 0.441047 556.511) #f(37.4905 0.441047 556.397) #f(0.0 0.0 0.0) #f(0.0 0.0 0.0)) (#f(-0.541842 35.352 0.007223) #f(-0.541842 35.3483 0.007223) #f(0.0 0.0 0.0) #f(0.0 0.0 0.0))) :contact-state (:support :support :swing :swing)) (:time 0.176 :angle-vector #f(-0.401924 -0.354701 -63.8213 137.236 -64.638 0.087542 0.0 -0.477439 0.241287 -63.6577 137.141 -64.7289 -0.536994 0.0 0.031277 25.1007 -1.8875 3.07749 2.53546 -8.63098 3.05306 -26.5554 -6.95803 -2.02352 -13.0587 15.0 1.70728 10.5415 1.93668 -27.6836 4.57768 1.16406 -14.1337 -15.0) :root-coords #s(coordinates plist nil rot #2f((0.988654 -0.007362 -0.150029) (0.006688 0.999965 -0.004997) (0.150061 0.003937 0.988669)) pos #f(-38.2309 -2.22817 332.513)) :zmp #f(-0.063539 -0.011845 0.0) :wrench-list ((#f(37.4995 0.45198 551.867) #f(37.4981 0.45198 551.752) #f(0.0 0.0 0.0) #f(0.0 0.0 0.0)) (#f(-0.544451 35.0631 0.006959) #f(-0.544451 35.0594 0.006959) #f(0.0 0.0 0.0) #f(0.0 0.0 0.0))) :contact-state (:support :support :swing :swing)) (:time 0.18 :angle-vector #f(-0.40279 -0.346304 -63.5349 136.527 -64.4161 0.082332 0.0 -0.472318 0.22404 -63.3531 136.423 -64.5154 -0.516095 0.0 0.087873 24.816 -1.87857 2.86659 3.46852 -8.58472 3.11205 -26.2688 -6.93576 -1.94983 -13.0043 15.0 2.68493 10.5945 1.93722 -27.4233 4.56286 1.09349 -14.1059 -15.0) :root-coords #s(coordinates plist nil rot #2f((0.989146 -0.007181 -0.146762) (0.006528 0.999967 -0.004928) (0.146793 0.003917 0.989159)) pos #f(-37.1748 -2.31824 337.379)) :zmp #f(-0.063544 -0.012003 0.0) :wrench-list ((#f(37.4615 0.462273 546.71) #f(37.4601 0.462273 546.596) #f(0.0 0.0 0.0) #f(0.0 0.0 0.0)) (#f(-0.546533 34.7381 0.006703) #f(-0.546533 34.7346 0.006703) #f(0.0 0.0 0.0) #f(0.0 0.0 0.0))) :contact-state (:support :support :swing :swing)) (:time 0.184 :angle-vector #f(-0.397888 -0.341277 -63.2293 135.775 -64.1791 0.078383 0.0 -0.461602 0.203388 -63.028 135.66 -64.2876 -0.493871 0.0 0.143572 24.527 -1.8583 2.65199 4.41548 -8.53415 3.16046 -25.9742 -6.87076 -1.85743 -12.9311 15.0 3.67633 10.6434 1.92333 -27.1543 4.51935 1.00925 -14.0558 -15.0) :root-coords #s(coordinates plist nil rot #2f((0.989651 -0.006904 -0.143331) (0.006267 0.999968 -0.004896) (0.143361 0.003947 0.989663)) pos #f(-36.112 -2.39165 342.392)) :zmp #f(-0.063543 -0.012164 0.0) :wrench-list ((#f(37.3783 0.47189 541.053) #f(37.377 0.47189 540.938) #f(0.0 0.0 0.0) #f(0.0 0.0 0.0)) (#f(-0.548076 34.378 0.006457) #f(-0.548076 34.3746 0.006457) #f(0.0 0.0 0.0) #f(0.0 0.0 0.0))) :contact-state (:support :support :swing :swing)) (:time 0.188 :angle-vector #f(-0.386862 -0.339813 -62.9041 134.977 -63.9265 0.075719 0.0 -0.444941 0.179125 -62.6819 134.851 -64.0447 -0.470286 0.0 0.198139 24.2343 -1.82606 2.43401 5.37487 -8.47917 3.1975 -25.6718 -6.76057 -1.74543 -12.8379 15.0 4.67989 10.6879 1.89419 -26.8769 4.4455 0.910728 -13.9824 -15.0) :root-coords #s(coordinates plist nil rot #2f((0.990168 -0.006526 -0.139731) (0.005899 0.999971 -0.004902) (0.139759 0.004029 0.990177)) pos #f(-35.0452 -2.4471 347.549)) :zmp #f(-0.063536 -0.012327 0.0) :wrench-list ((#f(37.2507 0.480794 534.905) #f(37.2494 0.480794 534.79) #f(0.0 0.0 0.0) #f(0.0 0.0 0.0)) (#f(-0.549064 33.9837 0.006221) #f(-0.549064 33.9806 0.006221) #f(0.0 0.0 0.0) #f(0.0 0.0 0.0))) :contact-state (:support :support :swing :swing)) (:time 0.192 :angle-vector #f(-0.36939 -0.342079 -62.5587 134.134 -63.658 0.074358 0.0 -0.422018 0.151071 -62.3142 133.996 -63.7865 -0.445309 0.0 0.251344 23.9384 -1.78127 2.21294 6.34526 -8.4197 3.22248 -25.362 -6.60301 -1.61302 -12.7241 15.0 5.69408 10.7279 1.84902 -26.5911 4.33986 0.797396 -13.8844 -15.0) :root-coords #s(coordinates plist nil rot #2f((0.990696 -0.006041 -0.135957) (0.005419 0.999973 -0.004949) (0.135983 0.004166 0.990702)) pos #f(-33.9768 -2.4834 352.848)) :zmp #f(-0.063524 -0.012493 0.0) :wrench-list ((#f(37.0791 0.488948 528.28) #f(37.0778 0.488948 528.165) #f(0.0 0.0 0.0) #f(0.0 0.0 0.0)) (#f(-0.549485 33.5564 0.005998) #f(-0.549485 33.5536 0.005998) #f(0.0 0.0 0.0) #f(0.0 0.0 0.0))) :contact-state (:support :support :swing :swing)) (:time 0.196 :angle-vector #f(-0.345183 -0.348222 -62.1927 133.244 -63.3731 0.074312 0.0 -0.392549 0.119072 -61.9245 133.093 -63.5126 -0.418917 0.0 0.302964 23.6398 -1.72345 1.98909 7.32524 -8.35569 3.23474 -25.0449 -6.39614 -1.45953 -12.5888 15.0 6.71742 10.7629 1.78718 -26.2971 4.2011 0.66879 -13.7608 -15.0) :root-coords #s(coordinates plist nil rot #2f((0.991234 -0.005447 -0.132005) (0.004823 0.999976 -0.00504) (0.132029 0.004359 0.991236)) pos #f(-32.9093 -2.49951 358.286)) :zmp #f(-0.063507 -0.012661 0.0) :wrench-list ((#f(36.8643 0.496321 521.191) #f(36.8631 0.496321 521.076) #f(0.0 0.0 0.0) #f(0.0 0.0 0.0)) (#f(-0.549329 33.0972 0.005787) #f(-0.549329 33.0946 0.005787) #f(0.0 0.0 0.0) #f(0.0 0.0 0.0))) :contact-state (:support :support :swing :swing)) (:time 0.2 :angle-vector #f(-0.313984 -0.358364 -61.8059 132.306 -63.0714 0.07559 0.0 -0.356282 0.082999 -61.5124 132.142 -63.2224 -0.391097 0.0 0.352782 23.3391 -1.65215 1.76276 8.31348 -8.28709 3.2337 -24.7209 -6.13829 -1.28435 -12.4314 15.0 7.74846 10.7929 1.70807 -25.995 4.02811 0.524527 -13.6109 -15.0) :root-coords #s(coordinates plist nil rot #2f((0.991779 -0.004737 -0.127873) (0.004109 0.999978 -0.005177) (0.127895 0.004609 0.991777)) pos #f(-31.8447 -2.49452 363.857)) :zmp #f(-0.063486 -0.012831 0.0) :wrench-list ((#f(36.607 0.502883 513.652) #f(36.6059 0.502883 513.537) #f(0.0 0.0 0.0) #f(0.0 0.0 0.0)) (#f(-0.548585 32.6071 0.005589) #f(-0.548585 32.6048 0.005589) #f(0.0 0.0 0.0) #f(0.0 0.0 0.0))) :contact-state (:support :support :swing :swing)) (:time 0.204 :angle-vector #f(-0.27557 -0.372603 -61.3978 131.319 -62.7525 0.078193 0.0 -0.312998 0.042747 -61.0778 131.141 -62.9158 -0.36184 0.0 0.400584 23.0369 -1.56701 1.53425 9.30863 -8.21388 3.21886 -24.3903 -5.82803 -1.08702 -12.2513 15.0 8.78578 10.8177 1.61121 -25.6851 3.81992 0.364304 -13.4339 -15.0) :root-coords #s(coordinates plist nil rot #2f((0.99233 -0.003909 -0.123558) (0.003272 0.99998 -0.005361) (0.123576 0.004916 0.992323)) pos #f(-30.7851 -2.46767 369.56)) :zmp #f(-0.06346 -0.013003 0.0) :wrench-list ((#f(36.3081 0.508607 505.678) #f(36.307 0.508607 505.563) #f(0.0 0.0 0.0) #f(0.0 0.0 0.0)) (#f(-0.547245 32.0875 0.005405) #f(-0.547245 32.0855 0.005405) #f(0.0 0.0 0.0) #f(0.0 0.0 0.0))) :contact-state (:support :sup