(setq *rs-list* '((:time 0.0 :angle-vector #f(-32.0 -31.0 -59.6115 51.1979 -47.6676 22.9479 0.0 32.0 -15.6504 -24.4809 9.16354 -11.0407 2.73039 0.0 2.07501 21.3483 -42.0 -26.8187 -52.256 7.0 4.92143 -113.821 44.8205 19.9114 47.0 -2.082009e-09 57.0 -7.0 35.6634 -134.0 -27.007 15.7878 34.2626 -2.084185e-09) :root-coords #s(coordinates plist nil rot #2f((0.693322 0.580244 0.427342) (-0.536995 0.811462 -0.230577) (-0.480562 -0.069617 0.874193)) pos #f(303.327 129.448 744.764)) :zmp #f(436.07 23.4675 0.0) :wrench-list ((#f(63.8352 55.2566 213.85) #f(42.345 -42.8682 249.627) #f(-38.0094 52.7637 30.2594) #f(-68.1707 -65.1521 101.081)) (#f(-2.73434 -10.2378 6.66658) #f(4.01327 11.8354 -2.49627) #f(-0.515817 0.453647 0.215495) #f(0.626408 0.831739 -0.811239))) :contact-state #1=(:support :support :support :support)) (:time 0.004 :angle-vector #f(-32.0 -31.0 -59.5968 51.1826 -47.6636 22.9482 0.0 32.0 -15.6461 -24.5009 9.20813 -11.0638 2.72859 0.0 2.0722 21.339 -42.0 -26.8197 -52.2438 6.99947 4.92142 -113.808 44.8211 19.9008 46.9902 -2.082011e-09 57.0 -7.0 35.6602 -134.0 -27.0186 15.7843 34.2721 -2.084187e-09) :root-coords #s(coordinates plist nil rot #2f((0.693355 0.580213 0.427331) (-0.536986 0.811482 -0.230527) (-0.480526 -0.069633 0.874211)) pos #f(303.338 129.436 744.766)) :zmp #f(435.923 23.5397 0.0) :wrench-list ((#f(64.0663 55.4269 214.67) #f(42.1332 -42.6538 248.378) #f(-37.9124 52.7056 30.2492) #f(-68.2871 -65.4786 101.519)) (#f(-2.74599 -10.2562 6.68126) #f(3.9932 11.7762 -2.48378) #f(-0.515063 0.452985 0.215181) #f(0.620179 0.822719 -0.805728))) :contact-state #1#) (:time 0.008 :angle-vector #f(-32.0 -31.0 -59.5821 51.1673 -47.6596 22.9485 0.0 32.0 -15.6418 -24.5209 9.25272 -11.0869 2.72678 0.0 2.06939 21.3296 -42.0 -26.8206 -52.2316 6.99895 4.92141 -113.795 44.8216 19.8902 46.9804 -2.082012e-09 57.0 -7.0 35.657 -134.0 -27.0302 15.7809 34.2816 -2.084189e-09) :root-coords #s(coordinates plist nil rot #2f((0.693387 0.580183 0.42732) (-0.536976 0.811503 -0.230478) (-0.48049 -0.06965 0.87423)) pos #f(303.35 129.424 744.769)) :zmp #f(435.776 23.6119 0.0) :wrench-list ((#f(64.2973 55.5972 215.49) #f(41.9215 -42.4395 247.13) #f(-37.8154 52.6475 30.239) #f(-68.4035 -65.8052 101.958)) (#f(-2.75764 -10.2746 6.69594) #f(3.97314 11.717 -2.4713) #f(-0.51431 0.452322 0.214866) #f(0.61395 0.813699 -0.800218))) :contact-state #1#) (:time 0.012 :angle-vector #f(-32.0 -31.0 -59.5674 51.1521 -47.6556 22.9487 0.0 32.0 -15.6375 -24.5409 9.29731 -11.11 2.72498 0.0 2.06658 21.3202 -42.0 -26.8215 -52.2194 6.99842 4.9214 -113.782 44.8221 19.8796 46.9706 -2.082014e-09 57.0 -7.0 35.6539 -134.0 -27.0419 15.7775 34.2911 -2.084191e-09) :root-coords #s(coordinates plist nil rot #2f((0.69342 0.580152 0.427309) (-0.536966 0.811523 -0.230428) (-0.480455 -0.069667 0.874248)) pos #f(303.361 129.412 744.771)) :zmp #f(435.629 23.6841 0.0) :wrench-list ((#f(64.5284 55.7675 216.31) #f(41.7098 -42.2252 245.882) #f(-37.7183 52.5895 30.2289) #f(-68.5199 -66.1318 102.396)) (#f(-2.76929 -10.2929 6.71062) #f(3.95307 11.6578 -2.45882) #f(-0.513557 0.45166 0.214551) #f(0.607721 0.804679 -0.794708))) :contact-state #1#) (:time 0.016 :angle-vector #f(-32.0 -31.0 -59.5527 51.1368 -47.6517 22.949 0.0 32.0 -15.6332 -24.5609 9.3419 -11.1331 2.72318 0.0 2.06378 21.3109 -42.0 -26.8224 -52.2072 6.9979 4.92138 -113.769 44.8227 19.869 46.9608 -2.082016e-09 57.0 -7.0 35.6507 -134.0 -27.0535 15.7741 34.3006 -2.084192e-09) :root-coords #s(coordinates plist nil rot #2f((0.693452 0.580121 0.427298) (-0.536956 0.811544 -0.230379) (-0.480419 -0.069684 0.874267)) pos #f(303.373 129.4 744.774)) :zmp #f(435.482 23.7563 0.0) :wrench-list ((#f(64.7595 55.9378 217.13) #f(41.4981 -42.0108 244.634) #f(-37.6213 52.5314 30.2187) #f(-68.6363 -66.4583 102.835)) (#f(-2.78094 -10.3113 6.7253) #f(3.933 11.5987 -2.44634) #f(-0.512804 0.450998 0.214237) #f(0.601492 0.79566 -0.789198))) :contact-state #1#) (:time 0.02 :angle-vector #f(-32.0 -31.0 -59.538 51.1215 -47.6477 22.9493 0.0 32.0 -15.6289 -24.5809 9.38649 -11.1561 2.72138 0.0 2.06097 21.3015 -42.0 -26.8233 -52.195 6.99737 4.92137 -113.756 44.8232 19.8584 46.951 -2.082018e-09 57.0 -7.0 35.6475 -134.0 -27.0652 15.7706 34.3101 -2.084194e-09) :root-coords #s(coordinates plist nil rot #2f((0.693485 0.58009 0.427287) (-0.536947 0.811564 -0.230329) (-0.480383 -0.069701 0.874285)) pos #f(303.384 129.388 744.777)) :zmp #f(435.335 23.8285 0.0) :wrench-list ((#f(64.9905 56.1081 217.95) #f(41.2863 -41.7965 243.386) #f(-37.5242 52.4733 30.2085) #f(-68.7526 -66.7849 103.273)) (#f(-2.79259 -10.3296 6.73998) #f(3.91294 11.5395 -2.43386) #f(-0.51205 0.450335 0.213922) #f(0.595262 0.78664 -0.783688))) :contact-state #1#) (:time 0.024 :angle-vector #f(-32.0 -31.0 -59.5233 51.1063 -47.6437 22.9496 0.0 32.0 -15.6246 -24.6008 9.43108 -11.1792 2.71957 0.0 2.05816 21.2921 -42.0 -26.8242 -52.1829 6.99685 4.92136 -113.742 44.8237 19.8478 46.9413 -2.082020e-09 57.0 -7.0 35.6444 -134.0 -27.0768 15.7672 34.3196 -2.084196e-09) :root-coords #s(coordinates plist nil rot #2f((0.693517 0.58006 0.427276) (-0.536937 0.811585 -0.23028) (-0.480347 -0.069717 0.874303)) pos #f(303.395 129.376 744.779)) :zmp #f(435.188 23.9007 0.0) :wrench-list ((#f(65.2216 56.2784 218.769) #f(41.0746 -41.5821 242.138) #f(-37.4272 52.4152 30.1983) #f(-68.869 -67.1115 103.712)) (#f(-2.80424 -10.348 6.75466) #f(3.89287 11.4803 -2.42138) #f(-0.511297 0.449673 0.213607) #f(0.589033 0.77762 -0.778178))) :contact-state #1#) (:time 0.028 :angle-vector #f(-32.0 -31.0 -59.5086 51.091 -47.6397 22.9499 0.0 32.0 -15.6203 -24.6208 9.47567 -11.2023 2.71777 0.0 2.05535 21.2828 -42.0 -26.8251 -52.1707 6.99632 4.92135 -113.729 44.8243 19.8372 46.9315 -2.082022e-09 57.0 -7.0 35.6412 -134.0 -27.0884 15.7638 34.3291 -2.084198e-09) :root-coords #s(coordinates plist nil rot #2f((0.69355 0.580029 0.427265) (-0.536927 0.811605 -0.23023) (-0.480311 -0.069734 0.874322)) pos #f(303.407 129.363 744.782)) :zmp #f(435.041 23.9729 0.0) :wrench-list ((#f(65.4527 56.4487 219.589) #f(40.8629 -41.3678 240.89) #f(-37.3301 52.3572 30.1881) #f(-68.9854 -67.4381 104.15)) (#f(-2.81589 -10.3663 6.76934) #f(3.8728 11.4211 -2.4089) #f(-0.510544 0.44901 0.213293) #f(0.582804 0.7686 -0.772668))) :contact-state #1#) (:time 0.032 :angle-vector #f(-32.0 -31.0 -59.4939 51.0757 -47.6357 22.9502 0.0 32.0 -15.616 -24.6408 9.52026 -11.2254 2.71597 0.0 2.05254 21.2734 -42.0 -26.826 -52.1585 6.9958 4.92134 -113.716 44.8248 19.8265 46.9217 -2.082024e-09 57.0 -7.0 35.638 -134.0 -27.1001 15.7603 34.3386 -2.084200e-09) :root-coords #s(coordinates plist nil rot #2f((0.693582 0.579998 0.427254) (-0.536917 0.811626 -0.230181) (-0.480275 -0.069751 0.87434)) pos #f(303.418 129.351 744.784)) :zmp #f(434.894 24.0451 0.0) :wrench-list ((#f(65.6837 56.619 220.409) #f(40.6512 -41.1535 239.641) #f(-37.2331 52.2991 30.1779) #f(-69.1018 -67.7646 104.589)) (#f(-2.82754 -10.3847 6.78402) #f(3.85274 11.3619 -2.39641) #f(-0.509791 0.448348 0.212978) #f(0.576575 0.75958 -0.767158))) :contact-state #1#) (:time 0.036 :angle-vector #f(-32.0 -31.0 -59.4791 51.0605 -47.6317 22.9505 0.0 32.0 -15.6117 -24.6608 9.56484 -11.2484 2.71416 0.0 2.04973 21.264 -42.0 -26.8269 -52.1463 6.99527 4.92133 -113.703 44.8254 19.8159 46.9119 -2.082026e-09 57.0 -7.0 35.6349 -134.0 -27.1117 15.7569 34.3481 -2.084202e-09) :root-coords #s(coordinates plist nil rot #2f((0.693614 0.579968 0.427243) (-0.536907 0.811647 -0.230131) (-0.480239 -0.069768 0.874359)) pos #f(303.43 129.339 744.787)) :zmp #f(434.747 24.1173 0.0) :wrench-list ((#f(65.9148 56.7893 221.229) #f(40.4394 -40.9391 238.393) #f(-37.1361 52.241 30.1677) #f(-69.2182 -68.0912 105.027)) (#f(-2.83919 -10.4031 6.7987) #f(3.83267 11.3028 -2.38393) #f(-0.509038 0.447685 0.212663) #f(0.570346 0.750561 -0.761647))) :contact-state #1#) (:time 0.04 :angle-vector #f(-32.0 -31.0 -59.4644 51.0452 -47.6278 22.9508 0.0 32.0 -15.6074 -24.6808 9.60943 -11.2715 2.71236 0.0 2.04693 21.2547 -42.0 -26.8278 -52.1341 6.99475 4.92132 -113.69 44.8259 19.8053 46.9021 -2.082027e-09 57.0 -7.0 35.6317 -134.0 -27.1234 15.7535 34.3576 -2.084204e-09) :root-coords #s(coordinates plist nil rot #2f((0.693647 0.579937 0.427232) (-0.536898 0.811667 -0.230082) (-0.480203 -0.069785 0.874377)) pos #f(303.441 129.327 744.789)) :zmp #f(434.6 24.1895 0.0) :wrench-list ((#f(66.1459 56.9596 222.049) #f(40.2277 -40.7248 237.145) #f(-37.039 52.183 30.1575) #f(-69.3346 -68.4178 105.466)) (#f(-2.85084 -10.4214 6.81338) #f(3.8126 11.2436 -2.37145) #f(-0.508284 0.447023 0.212349) #f(0.564117 0.741541 -0.756137))) :contact-state #1#) (:time 0.044 :angle-vector #f(-32.0 -31.0 -59.4497 51.0299 -47.6238 22.951 0.0 32.0 -15.6032 -24.7008 9.65402 -11.2946 2.71056 0.0 2.04412 21.2453 -42.0 -26.8287 -52.1219 6.99422 4.92131 -113.677 44.8264 19.7947 46.8923 -2.082029e-09 57.0 -7.0 35.6285 -134.0 -27.135 15.7501 34.3671 -2.084206e-09) :root-coords #s(coordinates plist nil rot #2f((0.693679 0.579906 0.427221) (-0.536888 0.811688 -0.230032) (-0.480167 -0.069801 0.874395)) pos #f(303.453 129.315 744.792)) :zmp #f(434.453 24.2617 0.0) :wrench-list ((#f(66.3769 57.1299 222.868) #f(40.016 -40.5104 235.897) #f(-36.942 52.1249 30.1473) #f(-69.4509 -68.7443 105.904)) (#f(-2.86249 -10.4398 6.82806) #f(3.79254 11.1844 -2.35897) #f(-0.507531 0.446361 0.212034) #f(0.557888 0.732521 -0.750627))) :contact-state #1#) (:time 0.048 :angle-vector #f(-32.0 -31.0 -59.435 51.0147 -47.6198 22.9513 0.0 32.0 -15.5989 -24.7208 9.69861 -11.3177 2.70876 0.0 2.04131 21.2359 -42.0 -26.8296 -52.1097 6.99369 4.9213 -113.664 44.827 19.7841 46.8825 -2.082031e-09 57.0 -7.0 35.6254 -134.0 -27.1466 15.7466 34.3765 -2.084207e-09) :root-coords #s(coordinates plist nil rot #2f((0.693712 0.579875 0.42721) (-0.536878 0.811708 -0.229983) (-0.480131 -0.069818 0.874414)) pos #f(303.464 129.303 744.794)) :zmp #f(434.306 24.3338 0.0) :wrench-list ((#f(66.608 57.3002 223.688) #f(39.8043 -40.2961 234.649) #f(-36.8449 52.0668 30.1371) #f(-69.5673 -69.0709 106.343)) (#f(-2.87414 -10.4581 6.84274) #f(3.77247 11.1252 -2.34649) #f(-0.506778 0.445698 0.211719) #f(0.551659 0.723501 -0.745117))) :contact-state #1#) (:time 0.052 :angle-vector #f(-32.0 -31.0 -59.4203 50.9994 -47.6158 22.9516 0.0 32.0 -15.5946 -24.7407 9.7432 -11.3408 2.70695 0.0 2.0385 21.2266 -42.0 -26.8305 -52.0976 6.99317 4.92129 -113.65 44.8275 19.7735 46.8727 -2.082033e-09 57.0 -7.0 35.6222 -134.0 -27.1583 15.7432 34.386 -2.084209e-09) :root-coords #s(coordinates plist nil rot #2f((0.693744 0.579845 0.427199) (-0.536868 0.811729 -0.229933) (-0.480095 -0.069835 0.874432)) pos #f(303.476 129.291 744.797)) :zmp #f(434.159 24.406 0.0) :wrench-list ((#f(66.8391 57.4705 224.508) #f(39.5925 -40.0818 233.401) #f(-36.7479 52.0087 30.1269) #f(-69.6837 -69.3975 106.781)) (#f(-2.88578 -10.4765 6.85742) #f(3.75241 11.0661 -2.33401) #f(-0.506025 0.445036 0.211405) #f(0.54543 0.714482 -0.739607))) :contact-state #1#) (:time 0.056 :angle-vector #f(-32.0 -31.0 -59.4056 50.9841 -47.6118 22.9519 0.0 32.0 -15.5903 -24.7607 9.78779 -11.3638 2.70515 0.0 2.03569 21.2172 -42.0 -26.8314 -52.0854 6.99264 4.92128 -113.637 44.828 19.7629 46.8629 -2.082035e-09 57.0 -7.0 35.619 -134.0 -27.1699 15.7398 34.3955 -2.084211e-09) :root-coords #s(coordinates plist nil rot #2f((0.693777 0.579814 0.427188) (-0.536858 0.811749 -0.229883) (-0.480059 -0.069852 0.874451)) pos #f(303.487 129.279 744.799)) :zmp #f(434.013 24.4782 0.0) :wrench-list ((#f(67.0701 57.6408 225.328) #f(39.3808 -39.8674 232.153) #f(-36.6509 51.9507 30.1168) #f(-69.8001 -69.7241 107.22)) (#f(-2.89743 -10.4948 6.8721) #f(3.73234 11.0069 -2.32153) #f(-0.505272 0.444373 0.21109) #f(0.539201 0.705462 -0.734097))) :contact-state #1#) (:time 0.06 :angle-vector #f(-32.0 -31.0 -59.3909 50.9689 -47.6078 22.9522 0.0 32.0 -15.586 -24.7807 9.83238 -11.3869 2.70335 0.0 2.03288 21.2078 -42.0 -26.8323 -52.0732 6.99212 4.92127 -113.624 44.8286 19.7523 46.8531 -2.082037e-09 57.0 -7.0 35.6158 -134.0 -27.1816 15.7364 34.405 -2.084213e-09) :root-coords #s(coordinates plist nil rot #2f((0.693809 0.579783 0.427177) (-0.536849 0.81177 -0.229834) (-0.480023 -0.069869 0.874469)) pos #f(303.499 129.267 744.802)) :zmp #f(433.866 24.5504 0.0) :wrench-list ((#f(67.3012 57.8111 226.148) #f(39.1691 -39.6531 230.905) #f(-36.5538 51.8926 30.1066) #f(-69.9165 -70.0506 107.658)) (#f(-2.90908 -10.5132 6.88678) #f(3.71227 10.9477 -2.30905) #f(-0.504518 0.443711 0.210775) #f(0.532972 0.696442 -0.728587))) :contact-state #1#) (:time 0.064 :angle-vector #f(-32.0 -31.0 -59.3762 50.9536 -47.6039 22.9525 0.0 32.0 -15.5817 -24.8007 9.87697 -11.41 2.70154 0.0 2.03008 21.1985 -42.0 -26.8332 -52.061 6.99159 4.92126 -113.611 44.8291 19.7417 46.8433 -2.082039e-09 57.0 -7.0 35.6127 -134.0 -27.1932 15.7329 34.4145 -2.084215e-09) :root-coords #s(coordinates plist nil rot #2f((0.693842 0.579752 0.427166) (-0.536839 0.81179 -0.229784) (-0.479987 -0.069885 0.874487)) pos #f(303.51 129.255 744.805)) :zmp #f(433.719 24.6226 0.0) :wrench-list ((#f(67.5323 57.9814 226.968) #f(38.9574 -39.4387 229.656) #f(-36.4568 51.8345 30.0964) #f(-70.0328 -70.3772 108.097)) (#f(-2.92073 -10.5316 6.90146) #f(3.69221 10.8885 -2.29656) #f(-0.503765 0.443048 0.210461) #f(0.526743 0.687422 -0.723077))) :contact-state #1#) (:time 0.068 :angle-vector #f(-32.0 -31.0 -59.3615 50.9383 -47.5999 22.9528 0.0 32.0 -15.5774 -24.8207 9.92156 -11.4331 2.69974 0.0 2.02727 21.1891 -42.0 -26.8342 -52.0488 6.99107 4.92125 -113.598 44.8296 19.7311 46.8335 -2.082040e-09 57.0 -7.0 35.6095 -134.0 -27.2048 15.7295 34.424 -2.084217e-09) :root-coords #s(coordinates plist nil rot #2f((0.693874 0.579722 0.427155) (-0.536829 0.811811 -0.229735) (-0.479951 -0.069902 0.874506)) pos #f(303.522 129.242 744.807)) :zmp #f(433.572 24.6948 0.0) :wrench-list ((#f(67.7633 58.1517 227.787) #f(38.7456 -39.2244 228.408) #f(-36.3597 51.7765 30.0862) #f(-70.1492 -70.7038 108.535)) (#f(-2.93238 -10.5499 6.91614) #f(3.67214 10.8294 -2.28408) #f(-0.503012 0.442386 0.210146) #f(0.520514 0.678402 -0.717567))) :contact-state #1#) (:time 0.072 :angle-vector #f(-32.0 -31.0 -59.3468 50.9231 -47.5959 22.9531 0.0 32.0 -15.5731 -24.8407 9.96615 -11.4562 2.69794 0.0 2.02446 21.1797 -42.0 -26.8351 -52.0366 6.99054 4.92124 -113.585 44.8302 19.7205 46.8238 -2.082042e-09 57.0 -7.0 35.6063 -134.0 -27.2165 15.7261 34.4335 -2.084219e-09) :root-coords #s(coordinates plist nil rot #2f((0.693907 0.579691 0.427144) (-0.536819 0.811831 -0.229685) (-0.479916 -0.069919 0.874524)) pos #f(303.533 129.23 744.81)) :zmp #f(433.425 24.767 0.0) :wrench-list ((#f(67.9944 58.322 228.607) #f(38.5339 -39.0101 227.16) #f(-36.2627 51.7184 30.076) #f(-70.2656 -71.0303 108.974)) (#f(-2.94403 -10.5683 6.93082) #f(3.65207 10.7702 -2.2716) #f(-0.502259 0.441724 0.209831) #f(0.514285 0.669383 -0.712056))) :contact-state #1#) (:time 0.076 :angle-vector #f(-32.0 -31.0 -59.3321 50.9078 -47.5919 22.9533 0.0 32.0 -15.5688 -24.8607 10.0107 -11.4792 2.69613 0.0 2.02165 21.1704 -42.0 -26.836 -52.0244 6.99002 4.92123 -113.571 44.8307 19.7099 46.814 -2.082044e-09 57.0 -7.0 35.6032 -134.0 -27.2281 15.7227 34.443 -2.084221e-09) :root-coords #s(coordinates plist nil rot #2f((0.693939 0.57966 0.427133) (-0.536809 0.811852 -0.229636) (-0.47988 -0.069936 0.874542)) pos #f(303.544 129.218 744.812)) :zmp #f(433.278 24.8392 0.0) :wrench-list ((#f(68.2255 58.4923 229.427) #f(38.3222 -38.7957 225.912) #f(-36.1657 51.6603 30.0658) #f(-70.382 -71.3569 109.412)) (#f(-2.95568 -10.5866 6.9455) #f(3.63201 10.711 -2.25912) #f(-0.501506 0.441061 0.209517) #f(0.508056 0.660363 -0.706546))) :contact-state #1#) (:time 0.08 :angle-vector #f(-32.0 -31.0 -59.3174 50.8925 -47.5879 22.9536 0.0 32.0 -15.5645 -24.8806 10.0553 -11.5023 2.69433 0.0 2.01884 21.161 -42.0 -26.8369 -52.0122 6.98949 4.92121 -113.558 44.8313 19.6993 46.8042 -2.082046e-09 57.0 -7.0 35.6 -134.0 -27.2398 15.7192 34.4525 -2.084222e-09) :root-coords #s(coordinates plist nil rot #2f((0.693971 0.579629 0.427122) (-0.536799 0.811872 -0.229586) (-0.479844 -0.069953 0.874561)) pos #f(303.556 129.206 744.815)) :zmp #f(433.131 24.9114 0.0) :wrench-list ((#f(68.4565 58.6626 230.247) #f(38.1105 -38.5814 224.664) #f(-36.0686 51.6022 30.0556) #f(-70.4984 -71.6835 109.851)) (#f(-2.96733 -10.605 6.96018) #f(3.61194 10.6518 -2.24664) #f(-0.500752 0.440399 0.209202) #f(0.501827 0.651343 -0.701036))) :contact-state #1#) (:time 0.084 :angle-vector #f(-32.0 -31.0 -59.3026 50.8772 -47.5839 22.9539 0.0 32.0 -15.5602 -24.9006 10.0999 -11.5254 2.69253 0.0 2.01603 21.1516 -42.0 -26.8378 -52.0001 6.98897 4.9212 -113.545 44.8318 19.6887 46.7944 -2.082048e-09 57.0 -7.0 35.5968 -134.0 -27.2514 15.7158 34.462 -2.084224e-09) :root-coords #s(coordinates plist nil rot #2f((0.694004 0.579599 0.427111) (-0.53679 0.811893 -0.229537) (-0.479808 -0.06997 0.874579)) pos #f(303.567 129.194 744.817)) :zmp #f(432.984 24.9836 0.0) :wrench-list ((#f(68.6876 58.8329 231.067) #f(37.8987 -38.367 223.416) #f(-35.9716 51.5442 30.0454) #f(-70.6148 -72.0101 110.289)) (#f(-2.97898 -10.6233 6.97486) #f(3.59187 10.5926 -2.23416) #f(-0.499999 0.439736 0.208887) #f(0.495598 0.642323 -0.695526))) :contact-state #1#) (:time 0.088 :angle-vector #f(-32.0 -31.0 -59.2879 50.862 -47.58 22.9542 0.0 32.0 -15.5559 -24.9206 10.1445 -11.5485 2.69073 0.0 2.01323 21.1423 -42.0 -26.8387 -51.9879 6.98844 4.92119 -113.532 44.8323 19.6781 46.7846 -2.082050e-09 57.0 -7.0 35.5937 -134.0 -27.263 15.7124 34.4715 -2.084226e-09) :root-coords #s(coordinates plist nil rot #2f((0.694036 0.579568 0.4271) (-0.53678 0.811913 -0.229487) (-0.479772 -0.069986 0.874598)) pos #f(303.579 129.182 744.82)) :zmp #f(432.837 25.0558 0.0) :wrench-list ((#f(68.9187 59.0032 231.887) #f(37.687 -38.1527 222.168) #f(-35.8745 51.4861 30.0352) #f(-70.7311 -72.3366 110.728)) (#f(-2.99063 -10.6417 6.98954) #f(3.57181 10.5335 -2.22168) #f(-0.499246 0.439074 0.208573) #f(0.489369 0.633304 -0.690016))) :contact-state #1#) (:time 0.092 :angle-vector #f(-32.0 -31.0 -59.2732 50.8467 -47.576 22.9545 0.0 32.0 -15.5516 -24.9406 10.1891 -11.5715 2.68892 0.0 2.01042 21.1329 -42.0 -26.8396 -51.9757 6.98792 4.92118 -113.519 44.8329 19.6674 46.7748 -2.082052e-09 57.0 -7.0 35.5905 -134.0 -27.2747 15.709 34.4809 -2.084228e-09) :root-coords #s(coordinates plist nil rot #2f((0.694069 0.579537 0.427089) (-0.53677 0.811934 -0.229438) (-0.479736 -0.070003 0.874616)) pos #f(303.59 129.17 744.822)) :zmp #f(432.69 25.128 0.0) :wrench-list ((#f(69.1497 59.1735 232.706) #f(37.4753 -37.9383 220.919) #f(-35.7775 51.428 30.025) #f(-70.8475 -72.6632 111.166)) (#f(-3.00228 -10.6601 7.00422) #f(3.55174 10.4743 -2.20919) #f(-0.498493 0.438411 0.208258) #f(0.48314 0.624284 -0.684506))) :contact-state #1#) (:time 0.096 :angle-vector #f(-32.0 -31.0 -59.2585 50.8314 -47.572 22.9548 0.0 32.0 -15.5473 -24.9606 10.2337 -11.5946 2.68712 0.0 2.00761 21.1235 -42.0 -26.8405 -51.9635 6.98739 4.92117 -113.506 44.8334 19.6568 46.765 -2.082054e-09 57.0 -7.0 35.5873 -134.0 -27.2863 15.7055 34.4904 -2.084230e-09) :root-coords #s(coordinates plist nil rot #2f((0.694101 0.579506 0.427078) (-0.53676 0.811954 -0.229388) (-0.4797 -0.07002 0.874634)) pos #f(303.602 129.158 744.825)) :zmp #f(432.543 25.2002 0.0) :wrench-list ((#f(69.3808 59.3438 233.526) #f(37.2636 -37.724 219.671) #f(-35.6805 51.37 30.0148) #f(-70.9639 -72.9898 111.605)) (#f(-3.01393 -10.6784 7.0189) #f(3.53168 10.4151 -2.19671) #f(-0.497739 0.437749 0.207943) #f(0.476911 0.615264 -0.678996))) :contact-state #1#) (:time 0.1 :angle-vector #f(-32.0 -31.0 -59.2438 50.8162 -47.568 22.9551 0.0 32.0 -15.543 -24.9806 10.2783 -11.6177 2.68532 0.0 2.0048 21.1142 -42.0 -26.8414 -51.9513 6.98686 4.92116 -113.492 44.8339 19.6462 46.7552 -2.082055e-09 57.0 -7.0 35.5842 -134.0 -27.298 15.7021 34.4999 -2.084232e-09) :root-coords #s(coordinates plist nil rot #2f((0.694134 0.579476 0.427067) (-0.53675 0.811975 -0.229339) (-0.479664 -0.070037 0.874653)) pos #f(303.613 129.146 744.827)) :zmp #f(432.396 25.2724 0.0) :wrench-list ((#f(69.6119 59.5141 234.346) #f(37.0518 -37.5097 218.423) #f(-35.5834 51.3119 30.0047) #f(-71.0803 -73.3163 112.043)) (#f(-3.02558 -10.6968 7.03358) #f(3.51161 10.3559 -2.18423) #f(-0.496986 0.437087 0.207629) #f(0.470682 0.606244 -0.673486))) :contact-state #1#) (:time 0.104 :angle-vector #f(-32.0 -31.0 -59.2291 50.8009 -47.564 22.9554 0.0 32.0 -15.5387 -25.0005 10.3229 -11.6408 2.68351 0.0 2.00199 21.1048 -42.0 -26.8423 -51.9391 6.98634 4.92115 -113.479 44.8345 19.6356 46.7454 -2.082057e-09 57.0 -7.0 35.581 -134.0 -27.3096 15.6987 34.5094 -2.084234e-09) :root-coords #s(coordinates plist nil rot #2f((0.694166 0.579445 0.427056) (-0.53674 0.811995 -0.229289) (-0.479628 -0.070054 0.874671)) pos #f(303.625 129.134 744.83)) :zmp #f(432.249 25.3446 0.0) :wrench-list ((#f(69.8429 59.6844 235.166) #f(36.8401 -37.2953 217.175) #f(-35.4864 51.2538 29.9945) #f(-71.1967 -73.6429 112.482)) (#f(-3.03723 -10.7151 7.04826) #f(3.49154 10.2968 -2.17175) #f(-0.496233 0.436424 0.207314) #f(0.464452 0.597224 -0.667976))) :contact-state #1#) (:time 0.108 :angle-vector #f(-32.0 -31.0 -59.2144 50.7856 -47.56 22.9557 0.0 32.0 -15.5344 -25.0205 10.3674 -11.6639 2.68171 0.0 1.99918 21.0954 -42.0 -26.8432 -51.9269 6.98581 4.92114 -113.466 44.835 19.625 46.7356 -2.082059e-09 57.0 -7.0 35.5778 -134.0 -27.3212 15.6952 34.5189 -2.084236e-09) :root-coords #s(coordinates plist nil rot #2f((0.694199 0.579414 0.427045) (-0.536731 0.812016 -0.22924) (-0.479592 -0.070071 0.874689)) pos #f(303.636 129.121 744.832)) :zmp #f(432.102 25.4168 0.0) :wrench-list ((#f(70.074 59.8547 235.986) #f(36.6284 -37.081 215.927) #f(-35.3893 51.1957 29.9843) #f(-71.3131 -73.9695 112.92)) (#f(-3.04888 -10.7335 7.06294) #f(3.47148 10.2376 -2.15927) #f(-0.49548 0.435762 0.206999) #f(0.458223 0.588205 -0.662465))) :contact-state #1#) (:time 0.112 :angle-vector #f(-32.0 -31.0 -59.1997 50.7704 -47.5561 22.9559 0.0 32.0 -15.5301 -25.0405 10.412 -11.6869 2.67991 0.0 1.99638 21.0861 -42.0 -26.8441 -51.9148 6.98529 4.92113 -113.453 44.8355 19.6144 46.7258 -2.082061e-09 57.0 -7.0 35.5747 -134.0 -27.3329 15.6918 34.5284 -2.084238e-09) :root-coords #s(coordinates plist nil rot #2f((0.694231 0.579383 0.427034) (-0.536721 0.812036 -0.22919) (-0.479556 -0.070087 0.874708)) pos #f(303.648 129.109 744.835)) :zmp #f(431.955 25.489 0.0) :wrench-list ((#f(70.3051 60.025 236.805) #f(36.4167 -36.8666 214.679) #f(-35.2923 51.1377 29.9741) #f(-71.4294 -74.2961 113.359)) (#f(-3.06053 -10.7518 7.07761) #f(3.45141 10.1784 -2.14679) #f(-0.494727 0.435099 0.206685) #f(0.451994 0.579185 -0.656955))) :contact-state #1#) (:time 0.116 :angle-vector #f(-32.0 -31.0 -59.185 50.7551 -47.5521 22.9562 0.0 32.0 -15.5258 -25.0605 10.4566 -11.71 2.6781 0.0 1.99357 21.0767 -42.0 -26.845 -51.9026 6.98476 4.92112 -113.44 44.8361 19.6038 46.716 -2.082063e-09 57.0 -7.0 35.5715 -134.0 -27.3445 15.6884 34.5379 -2.084239e-09) :root-coords #s(coordinates plist nil rot #2f((0.694263 0.579352 0.427024) (-0.536711 0.812057 -0.22914) (-0.47952 -0.070104 0.874726)) pos #f(303.659 129.097 744.837)) :zmp #f(431.808 25.5612 0.0) :wrench-list ((#f(70.5361 60.1953 237.625) #f(36.2049 -36.6523 213.431) #f(-35.1953 51.0796 29.9639) #f(-71.5458 -74.6226 113.797)) (#f(-3.07218 -10.7702 7.09229) #f(3.43134 10.1192 -2.13431) #f(-0.493973 0.434437 0.20637) #f(0.445765 0.570165 -0.651445))) :contact-state #1#) (:time 0.12 :angle-vector #f(-32.0 -31.0 -59.1703 50.7398 -47.5481 22.9565 0.0 32.0 -15.5215 -25.0805 10.5012 -11.7331 2.6763 0.0 1.99076 21.0673 -42.0 -26.8459 -51.8904 6.98424 4.92111 -113.427 44.8366 19.5932 46.7063 -2.082065e-09 57.0 -7.0 35.5683 -134.0 -27.3562 15.685 34.5474 -2.084241e-09) :root-coords #s(coordinates plist nil rot #2f((0.694296 0.579322 0.427013) (-0.536701 0.812077 -0.229091) (-0.479484 -0.070121 0.874744)) pos #f(303.671 129.085 744.84)) :zmp #f(431.661 25.6333 0.0) :wrench-list ((#f(70.7672 60.3656 238.445) #f(35.9932 -36.438 212.183) #f(-35.0982 51.0215 29.9537) #f(-71.6622 -74.9492 114.236)) (#f(-3.08383 -10.7885 7.10697) #f(3.41128 10.0601 -2.12183) #f(-0.49322 0.433774 0.206055) #f(0.439536 0.561145 -0.645935))) :contact-state #1#) (:time 0.124 :angle-vector #f(-32.0 -31.0 -59.1556 50.7246 -47.5441 22.9568 0.0 32.0 -15.5172 -25.1005 10.5458 -11.7562 2.6745 0.0 1.98795 21.058 -42.0 -26.8468 -51.8782 6.98371 4.9211 -113.414 44.8372 19.5826 46.6965 -2.082067e-09 57.0 -7.0 35.5652 -134.0 -27.3678 15.6815 34.5569 -2.084243e-09) :root-coords #s(coordinates plist nil rot #2f((0.694328 0.579291 0.427002) (-0.536691 0.812098 -0.229041) (-0.479449 -0.070138 0.874763)) pos #f(303.682 129.073 744.842)) :zmp #f(431.514 25.7055 0.0) :wrench-list ((#f(70.9983 60.5359 239.265) #f(35.7815 -36.2236 210.934) #f(-35.0012 50.9635 29.9435) #f(-71.7786 -75.2758 114.674)) (#f(-3.09548 -10.8069 7.12165) #f(3.39121 10.0009 -2.10934) #f(-0.492467 0.433112 0.205741) #f(0.433307 0.552126 -0.640425))) :contact-state #1#) (:time 0.128 :angle-vector #f(-32.0 -31.0 -59.1409 50.7093 -47.5401 22.9571 0.0 32.0 -15.5129 -25.1205 10.5904 -11.7793 2.6727 0.0 1.98514 21.0486 -42.0 -26.8477 -51.866 6.98319 4.92109 -113.4 44.8377 19.572 46.6867 -2.082069e-09 57.0 -7.0 35.562 -134.0 -27.3795 15.6781 34.5664 -2.084245e-09) :root-coords #s(coordinates plist nil rot #2f((0.694361 0.57926 0.426991) (-0.536681 0.812118 -0.228992) (-0.479413 -0.070155 0.874781)) pos #f(303.693 129.061 744.845)) :zmp #f(431.367 25.7777 0.0) :wrench-list ((#f(71.2293 60.7062 240.085) #f(35.5698 -36.0093 209.686) #f(-34.9041 50.9054 29.9333) #f(-71.895 -75.6023 115.113)) (#f(-3.10713 -10.8253 7.13633) #f(3.37115 9.9417 -2.09686) #f(-0.491714 0.43245 0.205426) #f(0.427078 0.543106 -0.634915))) :contact-state #1#) (:time 0.132 :angle-vector #f(-32.0 -31.0 -59.1261 50.694 -47.5361 22.9574 0.0 32.0 -15.5086 -25.1404 10.635 -11.8023 2.67089 0.0 1.98233 21.0392 -42.0 -26.8487 -51.8538 6.98266 4.92108 -113.387 44.8382 19.5614 46.6769 -2.082070e-09 57.0 -7.0 35.5588 -134.0 -27.3911 15.6747 34.5759 -2.084247e-09) :root-coords #s(coordinates plist nil rot #2f((0.694393 0.579229 0.42698) (-0.536671 0.812139 -0.228942) (-0.479377 -0.070172 0.874799)) pos #f(303.705 129.049 744.847)) :zmp #f(431.22 25.8499 0.0) :wrench-list ((#f(71.4604 60.8765 240.905) #f(35.358 -35.7949 208.438) #f(-34.8071 50.8473 29.9231) #f(-72.0113 -75.9289 115.551)) (#f(-3.11878 -10.8436 7.15101) #f(3.35108 9.88253 -2.08438) #f(-0.490961 0.431787 0.205111) #f(0.420849 0.534086 -0.629405))) :contact-state #1#) (:time 0.136 :angle-vector #f(-32.0 -31.0 -59.1114 50.6788 -47.5322 22.9577 0.0 32.0 -15.5043 -25.1604 10.6796 -11.8254 2.66909 0.0 1.97952 21.0299 -42.0 -26.8496 -51.8416 6.98214 4.92107 -113.374 44.8388 19.5508 46.6671 -2.082072e-09 57.0 -7.0 35.5557 -134.0 -27.4027 15.6713 34.5854 -2.084249e-09) :root-coords #s(coordinates plist nil rot #2f((0.694426 0.579199 0.426969) (-0.536661 0.812159 -0.228893) (-0.479341 -0.070189 0.874818)) pos #f(303.716 129.037 744.85)) :zmp #f(431.073 25.9221 0.0) :wrench-list ((#f(71.6915 61.0468 241.724) #f(35.1463 -35.5806 207.19) #f(-34.7101 50.7892 29.9129) #f(-72.1277 -76.2555 115.99)) (#f(-3.13043 -10.862 7.16569) #f(3.33101 9.82335 -2.0719) #f(-0.490207 0.431125 0.204796) #f(0.41462 0.525066 -0.623895))) :contact-state #1#) (:time 0.14 :angle-vector #f(-32.0 -31.0 -59.0967 50.6635 -47.5282 22.958 0.0 32.0 -15.5 -25.1804 10.7242 -11.8485 2.66729 0.0 1.97672 21.0205 -42.0 -26.8505 -51.8295 6.98161 4.92105 -113.361 44.8393 19.5402 46.6573 -2.082074e-09 57.0 -7.0 35.5525 -134.0 -27.4144 15.6678 34.5948 -2.084251e-09) :root-coords #s(coordinates plist nil rot #2f((0.694458 0.579168 0.426958) (-0.536652 0.81218 -0.228843) (-0.479305 -0.070206 0.874836)) pos #f(303.728 129.025 744.852)) :zmp #f(430.926 25.9943 0.0) :wrench-list ((#f(71.9225 61.2171 242.544) #f(34.9346 -35.3663 205.942) #f(-34.613 50.7312 29.9028) #f(-72.2441 -76.582 116.428)) (#f(-3.14208 -10.8803 7.18037) #f(3.31095 9.76417 -2.05942) #f(-0.489454 0.430462 0.204482) #f(0.408391 0.516047 -0.618384))) :contact-state #1#) (:time 0.144 :angle-vector #f(-32.0 -31.0 -59.082 50.6482 -47.5242 22.9582 0.0 32.0 -15.4957 -25.2004 10.7687 -11.8716 2.66548 0.0 1.97391 21.0112 -42.0 -26.8514 -51.8173 6.98108 4.92104 -113.348 44.8398 19.5296 46.6475 -2.082076e-09 57.0 -7.0 35.5493 -134.0 -27.426 15.6644 34.6043 -2.084253e-09) :root-coords #s(coordinates plist nil rot #2f((0.69449 0.579137 0.426947) (-0.536642 0.8122 -0.228794) (-0.479269 -0.070222 0.874854)) pos #f(303.739 129.013 744.855)) :zmp #f(430.779 26.0665 0.0) :wrench-list ((#f(72.1536 61.3874 243.364) #f(34.7229 -35.1519 204.694) #f(-34.516 50.6731 29.8926) #f(-72.3605 -76.9086 116.867)) (#f(-3.15373 -10.8987 7.19505) #f(3.29088 9.705 -2.04694) #f(-0.488701 0.4298 0.204167) #f(0.402162 0.507027 -0.612874))) :contact-state #1#) (:time 0.148 :angle-vector #f(-32.0 -31.0 -59.0673 50.6329 -47.5202 22.9585 0.0 32.0 -15.4914 -25.2204 10.8133 -11.8946 2.66368 0.0 1.9711 21.0018 -42.0 -26.8523 -51.8051 6.98056 4.92103 -113.335 44.8404 19.519 46.6377 -2.082078e-09 57.0 -7.0 35.5462 -134.0 -27.4377 15.661 34.6138 -2.084254e-09) :root-coords #s(coordinates plist nil rot #2f((0.694523 0.579106 0.426936) (-0.536632 0.812221 -0.228744) (-0.479233 -0.070239 0.874873)) pos #f(303.751 129.001 744.857)) :zmp #f(430.632 26.1387 0.0) :wrench-list ((#f(72.3847 61.5577 244.184) #f(34.5111 -34.9376 203.446) #f(-34.4189 50.615 29.8824) #f(-72.4769 -77.2352 117.305)) (#f(-3.16538 -10.917 7.20973) #f(3.27081 9.64582 -2.03446) #f(-0.487948 0.429137 0.203852) #f(0.395933 0.498007 -0.607364))) :contact-state #1#) (:time 0.152 :angle-vector #f(-32.0 -31.0 -59.0526 50.6177 -47.5162 22.9588 0.0 32.0 -15.4871 -25.2404 10.8579 -11.9177 2.66188 0.0 1.96829 20.9924 -42.0 -26.8532 -51.7929 6.98003 4.92102 -113.321 44.8409 19.5083 46.6279 -2.082080e-09 57.0 -7.0 35.543 -134.0 -27.4493 15.6576 34.6233 -2.084256e-09) :root-coords #s(coordinates plist nil rot #2f((0.694555 0.579075 0.426925) (-0.536622 0.812241 -0.228695) (-0.479197 -0.070256 0.874891)) pos #f(303.762 128.989 744.86)) :zmp #f(430.486 26.2109 0.0) :wrench-list ((#f(72.6157 61.728 245.004) #f(34.2994 -34.7232 202.197) #f(-34.3219 50.557 29.8722) #f(-72.5933 -77.5618 117.744)) (#f(-3.17703 -10.9354 7.22441) #f(3.25075 9.58664 -2.02197) #f(-0.487195 0.428475 0.203538) #f(0.389704 0.488987 -0.601854))) :contact-state #1#) (:time 0.156 :angle-vector #f(-32.0 -31.0 -59.0379 50.6024 -47.5122 22.9591 0.0 32.0 -15.4828 -25.2604 10.9025 -11.9408 2.66008 0.0 1.96548 20.9831 -42.0 -26.8541 -51.7807 6.97951 4.92101 -113.308 44.8414 19.4977 46.6181 -2.082082e-09 57.0 -7.0 35.5398 -134.0 -27.4609 15.6541 34.6328 -2.084258e-09) :root-coords #s(coordinates plist nil rot #2f((0.694588 0.579045 0.426914) (-0.536612 0.812262 -0.228645) (-0.479161 -0.070273 0.874909)) pos #f(303.774 128.976 744.862)) :zmp #f(430.339 26.2831 0.0) :wrench-list ((#f(72.8468 61.8983 245.824) #f(34.0877 -34.5089 200.949) #f(-34.2249 50.4989 29.862) #f(-72.7096 -77.8883 118.182)) (#f(-3.18867 -10.9538 7.23909) #f(3.23068 9.52746 -2.00949) #f(-0.486441 0.427813 0.203223) #f(0.383475 0.479967 -0.596344))) :contact-state #1#) (:time 0.16 :angle-vector #f(-32.0 -31.0 -59.0232 50.5871 -47.5083 22.9594 0.0 32.0 -15.4785 -25.2803 10.9471 -11.9639 2.65827 0.0 1.96267 20.9737 -42.0 -26.855 -51.7685 6.97898 4.921 -113.295 44.842 19.4871 46.6083 -2.082084e-09 57.0 -7.0 35.5367 -134.0 -27.4726 15.6507 34.6423 -2.084260e-09) :root-coords #s(coordinates plist nil rot #2f((0.69462 0.579014 0.426903) (-0.536602 0.812282 -0.228595) (-0.479125 -0.07029 0.874928)) pos #f(303.785 128.964 744.865)) :zmp #f(430.192 26.3553 0.0) :wrench-list ((#f(73.0779 62.0686 246.643) #f(33.876 -34.2946 199.701) #f(-34.1278 50.4408 29.8518) #f(-72.826 -78.2149 118.621)) (#f(-3.20032 -10.9721 7.25377) #f(3.21061 9.46829 -1.99701) #f(-0.485688 0.42715 0.202908) #f(0.377246 0.470948 -0.590834))) :contact-state #1#) (:time 0.164 :angle-vector #f(-32.0 -31.0 -59.0085 50.5719 -47.5043 22.9597 0.0 32.0 -15.4742 -25.3003 10.9917 -11.987 2.65647 0.0 1.95987 20.9643 -42.0 -26.8559 -51.7563 6.97846 4.92099 -113.282 44.8425 19.4765 46.5985 -2.082085e-09 57.0 -7.0 35.5335 -134.0 -27.4842 15.6473 34.6518 -2.084262e-09) :root-coords #s(coordinates plist nil rot #2f((0.694653 0.578983 0.426892) (-0.536592 0.812303 -0.228546) (-0.479089 -0.070307 0.874946)) pos #f(303.797 128.952 744.867)) :zmp #f(430.045 26.4275 0.0) :wrench-list ((#f(73.3089 62.2389 247.463) #f(33.6643 -34.0802 198.453) #f(-34.0308 50.3827 29.8416) #f(-72.9424 -78.5415 119.059)) (#f(-3.21197 -10.9905 7.26845) #f(3.19055 9.40911 -1.98453) #f(-0.484935 0.426488 0.202594) #f(0.371017 0.461928 -0.585324))) :contact-state #1#) (:time 0.168 :angle-vector #f(-32.0 -31.0 -58.9938 50.5566 -47.5003 22.96 0.0 32.0 -15.4699 -25.3203 11.0363 -12.01 2.65467 0.0 1.95706 20.955 -42.0 -26.8568 -51.7441 6.97793 4.92098 -113.269 44.8431 19.4659 46.5888 -2.082087e-09 57.0 -7.0 35.5303 -134.0 -27.4959 15.6439 34.6613 -2.084264e-09) :root-coords #s(coordinates plist nil rot #2f((0.694685 0.578952 0.426881) (-0.536582 0.812323 -0.228496) (-0.479054 -0.070324 0.874964)) pos #f(303.808 128.94 744.869)) :zmp #f(429.898 26.4997 0.0) :wrench-list ((#f(73.54 62.4092 248.283) #f(33.4525 -33.8659 197.205) #f(-33.9337 50.3247 29.8314) #f(-73.0588 -78.868 119.498)) (#f(-3.22362 -11.0088 7.28313) #f(3.17048 9.34993 -1.97205) #f(-0.484182 0.425825 0.202279) #f(0.364788 0.452908 -0.579814))) :contact-state #1#) (:time 0.172 :angle-vector #f(-32.0 -31.0 -58.9791 50.5413 -47.4963 22.9603 0.0 32.0 -15.4656 -25.3403 11.0809 -12.0331 2.65286 0.0 1.95425 20.9456 -42.0 -26.8577 -51.732 6.97741 4.92097 -113.256 44.8436 19.4553 46.579 -2.082089e-09 57.0 -7.0 35.5272 -134.0 -27.5075 15.6404 34.6708 -2.084266e-09) :root-coords #s(coordinates plist nil rot #2f((0.694717 0.578921 0.42687) (-0.536572 0.812344 -0.228447) (-0.479018 -0.070341 0.874982)) pos #f(303.82 128.928 744.872)) :zmp #f(429.751 26.5719 0.0) :wrench-list ((#f(73.771 62.5795 249.103) #f(33.2408 -33.6515 195.957) #f(-33.8367 50.2666 29.8212) #f(-73.1752 -79.1946 119.936)) (#f(-3.23527 -11.0272 7.29781) #f(3.15042 9.29076 -1.95957) #f(-0.483428 0.425163 0.201964) #f(0.358559 0.443888 -0.574304))) :contact-state #1#) (:time 0.176 :angle-vector #f(-32.0 -31.0 -58.9644 50.5261 -47.4923 22.9606 0.0 32.0 -15.4613 -25.3603 11.1255 -12.0562 2.65106 0.0 1.95144 20.9362 -42.0 -26.8586 -51.7198 6.97688 4.92096 -113.242 44.8441 19.4447 46.5692 -2.082091e-09 57.0 -7.0 35.524 -134.0 -27.5191 15.637 34.6803 -2.084268e-09) :root-coords #s(coordinates plist nil rot #2f((0.69475 0.578891 0.426859) (-0.536562 0.812364 -0.228397) (-0.478982 -0.070358 0.875001)) pos #f(303.831 128.916 744.874)) :zmp #f(429.604 26.6441 0.0) :wrench-list ((#f(74.0021 62.7498 249.923) #f(33.0291 -33.4372 194.709) #f(-33.7397 50.2085 29.811) #f(-73.2915 -79.5212 120.375)) (#f(-3.24692 -11.0455 7.31249) #f(3.13035 9.23158 -1.94709) #f(-0.482675 0.4245 0.20165) #f(0.35233 0.434869 -0.568793))) :contact-state #1#) (:time 0.18 :angle-vector #f(-32.0 -31.0 -58.9496 50.5108 -47.4883 22.9608 0.0 32.0 -15.457 -25.3803 11.17 -12.0793 2.64926 0.0 1.94863 20.9269 -42.0 -26.8595 -51.7076 6.97636 4.92095 -113.229 44.8447 19.4341 46.5594 -2.082093e-09 57.0 -7.0 35.5208 -134.0 -27.5308 15.6336 34.6898 -2.084269e-09) :root-coords #s(coordinates plist nil rot #2f((0.694782 0.57886 0.426848) (-0.536552 0.812385 -0.228348) (-0.478946 -0.070374 0.875019)) pos #f(303.842 128.904 744.877)) :zmp #f(429.457 26.7163 0.0) :wrench-list ((#f(74.2332 62.9202 250.742) #f(32.8174 -33.2228 193.461) #f(-33.6426 50.1505 29.8008) #f(-73.4079 -79.8478 120.813)) (#f(-3.25857 -11.0639 7.32717) #f(3.11028 9.1724 -1.93461) #f(-0.481922 0.423838 0.201335) #f(0.346101 0.425849 -0.563283))) :contact-state #1#) (:time 0.184 :angle-vector #f(-32.0 -31.0 -58.9349 50.4955 -47.4844 22.9611 0.0 32.0 -15.4527 -25.4002 11.2146 -12.1023 2.64745 0.0 1.94582 20.9175 -42.0 -26.8604 -51.6954 6.97583 4.92094 -113.216 44.8452 19.4235 46.5496 -2.082095e-09 57.0 -7.0 35.5177 -134.0 -27.5424 15.6301 34.6992 -2.084271e-09) :root-coords #s(coordinates plist nil rot #2f((0.694815 0.578829 0.426837) (-0.536543 0.812405 -0.228298) (-0.47891 -0.070391 0.875037)) pos #f(303.854 128.892 744.879)) :zmp #f(429.31 26.7885 0.0) :wrench-list ((#f(74.4642 63.0905 251.562) #f(32.6056 -33.0085 192.212) #f(-33.5456 50.0924 29.7907) #f(-73.5243 -80.1743 121.252)) (#f(-3.27022 -11.0823 7.34185) #f(3.09022 9.11323 -1.92212) #f(-0.481169 0.423176 0.20102) #f(0.339872 0.416829 -0.557773))) :contact-state #1#) (:time 0.188 :angle-vector #f(-32.0 -31.0 -58.9202 50.4803 -47.4804 22.9614 0.0 32.0 -15.4484 -25.4202 11.2592 -12.1254 2.64565 0.0 1.94302 20.9081 -42.0 -26.8613 -51.6832 6.97531 4.92093 -113.203 44.8457 19.4129 46.5398 -2.082097e-09 57.0 -7.0 35.5145 -134.0 -27.5541 15.6267 34.7087 -2.084273e-09) :root-coords #s(coordinates plist nil rot #2f((0.694847 0.578798 0.426826) (-0.536533 0.812426 -0.228248) (-0.478874 -0.070408 0.875056)) pos #f(303.865 128.88 744.882)) :zmp #f(429.163 26.8607 0.0) :wrench-list ((#f(74.6953 63.2608 252.382) #f(32.3939 -32.7942 190.964) #f(-33.4485 50.0343 29.7805) #f(-73.6407 -80.5009 121.69)) (#f(-3.28187 -11.1006 7.35653) #f(3.07015 9.05405 -1.90964) #f(-0.480416 0.422513 0.200706) #f(0.333642 0.407809 -0.552263))) :contact-state #1#) (:time 0.192 :angle-vector #f(-32.0 -31.0 -58.9055 50.465 -47.4764 22.9617 0.0 32.0 -15.4441 -25.4402 11.3038 -12.1485 2.64385 0.0 1.94021 20.8988 -42.0 -26.8622 -51.671 6.97478 4.92092 -113.19 44.8463 19.4023 46.53 -2.082099e-09 57.0 -7.0 35.5113 -134.0 -27.5657 15.6233 34.7182 -2.084275e-09) :root-coords #s(coordinates plist nil rot #2f((0.694879 0.578767 0.426815) (-0.536523 0.812446 -0.228199) (-0.478838 -0.070425 0.875074)) pos #f(303.877 128.868 744.884)) :zmp #f(429.016 26.9329 0.0) :wrench-list ((#f(74.9264 63.4311 253.202) #f(32.1822 -32.5798 189.716) #f(-33.3515 49.9762 29.7703) #f(-73.7571 -80.8275 122.129)) (#f(-3.29352 -11.119 7.37121) #f(3.05008 8.99487 -1.89716) #f(-0.479662 0.421851 0.200391) #f(0.327413 0.398789 -0.546753))) :contact-state #1#) (:time 0.196 :angle-vector #f(-32.0 -31.0 -58.8908 50.4497 -47.4724 22.962 0.0 32.0 -15.4398 -25.4602 11.3484 -12.1716 2.64205 0.0 1.9374 20.8894 -42.0 -26.8632 -51.6588 6.97425 4.92091 -113.177 44.8468 19.3917 46.5202 -2.082100e-09 57.0 -7.0 35.5081 -134.0 -27.5773 15.6199 34.7277 -2.084277e-09) :root-coords #s(coordinates plist nil rot #2f((0.694912 0.578737 0.426804) (-0.536513 0.812467 -0.228149) (-0.478802 -0.070442 0.875092)) pos #f(303.888 128.856 744.887)) :zmp #f(428.869 27.005 0.0) :wrench-list ((#f(75.1574 63.6014 254.022) #f(31.9705 -32.3655 188.468) #f(-33.2545 49.9182 29.7601) #f(-73.8735 -81.154 122.567)) (#f(-3.30517 -11.1373 7.38589) #f(3.03002 8.9357 -1.88468) #f(-0.478909 0.421188 0.200076) #f(0.321184 0.38977 -0.541243))) :contact-state #1#) (:time 0.2 :angle-vector #f(-32.0 -31.0 -58.8761 50.4345 -47.4684 22.9623 0.0 32.0 -15.4355 -25.4802 11.393 -12.1947 2.64024 0.0 1.93459 20.88 -42.0 -26.8641 -51.6467 6.97373 4.9209 -113.164 44.8473 19.3811 46.5104 -2.082102e-09 57.0 -7.0 35.505 -134.0 -27.589 15.6164 34.7372 -2.084279e-09) :root-coords #s(coordinates plist nil rot #2f((0.694944 0.578706 0.426793) (-0.536503 0.812487 -0.2281) (-0.478766 -0.070459 0.87511)) pos #f(303.9 128.844 744.889)) :zmp #f(428.722 27.0772 0.0) :wrench-list ((#f(75.3885 63.7717 254.842) #f(31.7587 -32.1511 187.22) #f(-33.1574 49.8601 29.7499) #f(-73.9898 -81.4806 123.006)) (#f(-3.31682 -11.1557 7.40057) #f(3.00995 8.87652 -1.8722) #f(-0.478156 0.420526 0.199762) #f(0.314955 0.38075 -0.535733))) :contact-state #1#) (:time 0.204 :angle-vector #f(-32.0 -31.0 -58.8614 50.4192 -47.4644 22.9626 0.0 32.0 -15.4312 -25.5002 11.4376 -12.2177 2.63844 0.0 1.93178 20.8707 -42.0 -26.865 -51.6345 6.9732 4.92088 -113.15 44.8479 19.3705 46.5006 -2.082104e-09 57.0 -7.0 35.5018 -134.0 -27.6006 15.613 34.7467 -2.084281e-09) :root-coords #s(coordinates plist nil rot #2f((0.694977 0.578675 0.426782) (-0.536493 0.812508 -0.22805) (-0.47873 -0.070476 0.875129)) pos #f(303.911 128.832 744.892)) :zmp #f(428.575 27.1494 0.0) :wrench-list ((#f(75.6196 63.942 255.661) #f(31.547 -31.9368 185.972) #f(-33.0604 49.802 29.7397) #f(-74.1062 -